24
21.6000000000000
34.7000000000000
33.4000000000000
36.2000000000000
28.7000000000000
22.9000000000000
27.1000000000000
16.5000000000000
18.9000000000000
15
18.9000000000000
21.7000000000000
20.4000000000000
18.2000000000000
19.9000000000000
23.1000000000000
17.5000000000000
20.2000000000000
18.2000000000000
13.6000000000000
19.6000000000000
15.2000000000000
14.5000000000000
15.6000000000000
13.9000000000000
16.6000000000000
14.8000000000000
18.4000000000000
21
12.7000000000000
14.5000000000000
13.2000000000000
13.1000000000000
13.5000000000000
18.9000000000000
20
21
24.7000000000000
30.8000000000000
34.9000000000000
26.6000000000000
25.3000000000000
24.7000000000000
21.2000000000000
19.3000000000000
20
16.6000000000000
14.4000000000000
19.4000000000000
19.7000000000000
20.5000000000000
25
23.4000000000000
18.9000000000000
35.4000000000000
24.7000000000000
31.6000000000000
23.3000000000000
19.6000000000000
18.7000000000000
16
22.2000000000000
25
33
23.5000000000000
19.4000000000000
22
17.4000000000000
20.9000000000000
24.2000000000000
21.7000000000000
22.8000000000000
23.4000000000000
24.1000000000000
21.4000000000000
20
20.8000000000000
21.2000000000000
20.3000000000000
28
23.9000000000000
24.8000000000000
22.9000000000000
23.9000000000000
26.6000000000000
22.5000000000000
22.2000000000000
23.6000000000000
28.7000000000000
22.6000000000000
22
22.9000000000000
25
20.6000000000000
28.4000000000000
21.4000000000000
38.7000000000000
43.8000000000000
33.2000000000000
27.5000000000000
26.5000000000000
18.6000000000000
19.3000000000000
20.1000000000000
19.5000000000000
19.5000000000000
20.4000000000000
19.8000000000000
19.4000000000000
21.7000000000000
22.8000000000000
18.8000000000000
18.7000000000000
18.5000000000000
18.3000000000000
21.2000000000000
19.2000000000000
20.4000000000000
19.3000000000000
22
20.3000000000000
20.5000000000000
17.3000000000000
18.8000000000000
21.4000000000000
15.7000000000000
16.2000000000000
18
14.3000000000000
19.2000000000000
19.6000000000000
23
18.4000000000000
15.6000000000000
18.1000000000000
17.4000000000000
17.1000000000000
13.3000000000000
17.8000000000000
14
14.4000000000000
13.4000000000000
15.6000000000000
11.8000000000000
13.8000000000000
15.6000000000000
14.6000000000000
17.8000000000000
15.4000000000000
21.5000000000000
19.6000000000000
15.3000000000000
19.4000000000000
17
15.6000000000000
13.1000000000000
41.3000000000000
24.3000000000000
23.3000000000000
27
50
50
50
22.7000000000000
25
50
23.8000000000000
23.8000000000000
22.3000000000000
17.4000000000000
19.1000000000000
23.1000000000000
23.6000000000000
22.6000000000000
29.4000000000000
23.2000000000000
24.6000000000000
29.9000000000000
37.2000000000000
39.8000000000000
36.2000000000000
37.9000000000000
32.5000000000000
26.4000000000000
29.6000000000000
50
32
29.8000000000000
34.9000000000000
37
30.5000000000000
36.4000000000000
31.1000000000000
29.1000000000000
50
33.3000000000000
30.3000000000000
34.6000000000000
34.9000000000000
32.9000000000000
24.1000000000000
42.3000000000000
48.5000000000000
50
22.6000000000000
24.4000000000000
22.5000000000000
24.4000000000000
20
21.7000000000000
19.3000000000000
22.4000000000000
28.1000000000000
23.7000000000000
25
23.3000000000000
28.7000000000000
21.5000000000000
23
26.7000000000000
21.7000000000000
27.5000000000000
30.1000000000000
44.8000000000000
50
37.6000000000000
31.6000000000000
46.7000000000000
31.5000000000000
24.3000000000000
31.7000000000000
41.7000000000000
48.3000000000000
29
24
25.1000000000000
31.5000000000000
23.7000000000000
23.3000000000000
22
20.1000000000000
22.2000000000000
23.7000000000000
17.6000000000000
18.5000000000000
24.3000000000000
20.5000000000000
24.5000000000000
26.2000000000000
24.4000000000000
24.8000000000000
29.6000000000000
42.8000000000000
21.9000000000000
20.9000000000000
44
50
36
30.1000000000000
33.8000000000000
43.1000000000000
48.8000000000000
31
36.5000000000000
22.8000000000000
30.7000000000000
50
43.5000000000000
20.7000000000000
21.1000000000000
25.2000000000000
24.4000000000000
35.2000000000000
32.4000000000000
32
33.2000000000000
33.1000000000000
29.1000000000000
35.1000000000000
45.4000000000000
35.4000000000000
46
50
32.2000000000000
22
20.1000000000000
23.2000000000000
22.3000000000000
24.8000000000000
28.5000000000000
37.3000000000000
27.9000000000000
23.9000000000000
21.7000000000000
28.6000000000000
27.1000000000000
20.3000000000000
22.5000000000000
29
24.8000000000000
22
26.4000000000000
33.1000000000000
36.1000000000000
28.4000000000000
33.4000000000000
28.2000000000000
22.8000000000000
20.3000000000000
16.1000000000000
22.1000000000000
19.4000000000000
21.6000000000000
23.8000000000000
16.2000000000000
17.8000000000000
19.8000000000000
23.1000000000000
21
23.8000000000000
23.1000000000000
20.4000000000000
18.5000000000000
25
24.6000000000000
23
22.2000000000000
19.3000000000000
22.6000000000000
19.8000000000000
17.1000000000000
19.4000000000000
22.2000000000000
20.7000000000000
21.1000000000000
19.5000000000000
18.5000000000000
20.6000000000000
19
18.7000000000000
32.7000000000000
16.5000000000000
23.9000000000000
31.2000000000000
17.5000000000000
17.2000000000000
23.1000000000000
24.5000000000000
26.6000000000000
22.9000000000000
24.1000000000000
18.6000000000000
30.1000000000000
18.2000000000000
20.6000000000000
17.8000000000000
21.7000000000000
22.7000000000000
22.6000000000000
25
19.9000000000000
20.8000000000000
16.8000000000000
21.9000000000000
27.5000000000000
21.9000000000000
23.1000000000000
50
50
50
50
50
13.8000000000000
13.8000000000000
15
13.9000000000000
13.3000000000000
13.1000000000000
10.2000000000000
10.4000000000000
10.9000000000000
11.3000000000000
12.3000000000000
8.80000000000000
7.20000000000000
10.5000000000000
7.40000000000000
10.2000000000000
11.5000000000000
15.1000000000000
23.2000000000000
9.70000000000000
13.8000000000000
12.7000000000000
13.1000000000000
12.5000000000000
8.50000000000000
5
6.30000000000000
5.60000000000000
7.20000000000000
12.1000000000000
8.30000000000000
8.50000000000000
5
11.9000000000000
27.9000000000000
17.2000000000000
27.5000000000000
15
17.2000000000000
17.9000000000000
16.3000000000000
7
7.20000000000000
7.50000000000000
10.4000000000000
8.80000000000000
8.40000000000000
16.7000000000000
14.2000000000000
20.8000000000000
13.4000000000000
11.7000000000000
8.30000000000000
10.2000000000000
10.9000000000000
11
9.50000000000000
14.5000000000000
14.1000000000000
16.1000000000000
14.3000000000000
11.7000000000000
13.4000000000000
9.60000000000000
8.70000000000000
8.40000000000000
12.8000000000000
10.5000000000000
17.1000000000000
18.4000000000000
15.4000000000000
10.8000000000000
11.8000000000000
14.9000000000000
12.6000000000000
14.1000000000000
13
13.4000000000000
15.2000000000000
16.1000000000000
17.8000000000000
14.9000000000000
14.1000000000000
12.7000000000000
13.5000000000000
14.9000000000000
20
16.4000000000000
17.7000000000000
19.5000000000000
20.2000000000000
21.4000000000000
19.9000000000000
19
19.1000000000000
19.1000000000000
20.1000000000000
19.9000000000000
19.6000000000000
23.2000000000000
29.8000000000000
13.8000000000000
13.3000000000000
16.7000000000000
12
14.6000000000000
21.4000000000000
23
23.7000000000000
25
21.8000000000000
20.6000000000000
21.2000000000000
19.1000000000000
20.6000000000000
15.2000000000000
7
8.10000000000000
13.6000000000000
20.1000000000000
21.8000000000000
24.5000000000000
23.1000000000000
19.7000000000000
18.3000000000000
21.2000000000000
17.5000000000000
16.8000000000000
22.4000000000000
20.6000000000000
23.9000000000000
22
11.9000000000000

