2.03759 -18.353 
5.62581 -17.4135 
5.42692 -17.1609 
12.3014 -14.6745 
-0.590393 -19.3265 
-1.26623 -20.1564 
2.18407 -18.7564 
8.79586 -16.3961 
2.98886 -17.8475 
-3.20851 -18.8269 
2.41773 -18.6564 
14.1672 -13.8021 
-0.397399 -18.8379 
0.76101 -18.5211 
-5.53676 -17.3063 
9.80829 -10.3979 
-2.56186 -20.2468 
11.321 -14.9331 
14.2944 -13.8782 
-0.452457 -19.9924 
0.272325 -19.6684 
6.83476 -17.4415 
1.90904 -18.2651 
2.35914 -18.3586 
10.5834 -15.4297 
1.9309 -18.522 
-3.46974 -17.9452 
6.19144 -17.6863 
-1.07139 -19.5719 
0.648777 -18.8317 
-5.69705 -17.66 
1.71081 -18.2334 
-3.01122 -19.1393 
1.49717 -18.5678 
2.02714 -18.4976 
-1.06075 -19.7247 
-1.17025 -19.5717 
-0.392859 -19.1713 
2.61868 -18.4086 
-1.83411 -19.2904 
2.94905 -18.452 
-0.854097 -19.8517 
-2.0532 -18.8328 
-0.541009 -19.8678 
-1.50097 -19.4169 
1.06611 -19.0577 
-0.453072 -19.9977 
8.1602 -16.3516 
4.1899 -18.305 
1.15125 -18.0742 
-0.182778 -18.4592 
4.08333 -17.8143 
8.6932 -16.3614 
6.15322 -17.2416 
4.87382 -17.0809 
0.7315 -18.8106 
-1.37691 -20.0647 
0.0707232 -19.7058 
2.54256 -18.8894 
-1.09729 -20.2358 
-1.41907 -19.5604 
1.86714 -18.2568 
14.8709 -13.3743 
3.33402 -18.1589 
3.55798 -17.756 
-1.29674 -19.2901 
-0.837798 -18.7964 
13.4785 -13.9927 
-1.26895 -19.4337 
11.0656 -15.4399 
5.18709 -17.6227 
3.05739 -18.2713 
10.8426 -15.2355 
0.854814 -18.8946 
13.647 -14.1649 
3.02233 -18.2183 
0.320951 -19.6671 
-5.94616 -17.214 
0.547073 -18.2566 
-1.01704 -19.596 
12.5148 -14.6462 
0.720059 -19.1488 
-0.462063 -19.4238 
-1.0532 -19.5002 
-0.0736338 -19.5961 
-0.502192 -19.1946 
-0.427143 -19.8936 
6.01639 -17.1353 
-1.46227 -19.797 
3.13333 -18.2595 
3.96072 -18.0472 
6.477 -16.6545 
-0.789198 -19.9456 
3.50267 -18.1993 
-0.595676 -19.6754 
-1.13562 -19.6541 
-0.65505 -19.8199 
-2.13719 -18.8124 
-0.948882 -19.6541 
-1.53778 -19.1665 
-1.85654 -19.0019 
11.4149 -14.8506 
-5.12699 -17.824 
1.03014 -17.9811 
5.30801 -17.273 
5.99427 -17.2035 
1.69083 -18.7284 
4.82619 -17.2888 
-4.17751 -18.1226 
5.45081 -17.2977 
6.43046 -16.8491 
6.02957 -16.846 
4.82757 -17.9294 
-0.942986 -19.1466 
12.9249 -14.416 
6.93637 -17.2343 
6.62653 -16.9152 
0.65466 -19.3339 
-1.53892 -19.1518 
-0.174486 -19.5899 
6.32216 -17.0669 
-1.25005 -19.9265 
-1.24009 -19.1764 
-3.58298 -18.6807 
-2.41059 -18.9713 
-1.04964 -19.656 
1.24102 -19.1796 
-0.0263598 -19.748 
6.11874 -17.1395 
12.0279 -14.8022 
3.22444 -17.3636 
4.87121 -17.4646 
2.11327 -18.3973 
-1.16125 -19.013 
7.00739 -16.449 
-1.02011 -17.9648 
4.98669 -17.411 
9.55229 -15.7725 
2.84318 -18.306 
1.16612 -19.0463 
5.99077 -17.0222 
-0.961886 -20.0614 
-0.209158 -19.3915 
10.5266 -15.3429 
5.08668 -17.6052 
-0.326372 -19.8116 
-1.09837 -18.9547 
0.059566 -19.451 
5.0559 -16.5709 
0.253443 -19.1757 
2.66499 -18.4155 
-3.86609 -18.2955 
-0.00751995 -19.5696 
6.70014 -17.3752 
-0.0909076 -18.4334 
1.39103 -18.3881 
-1.95515 -19.1669 
1.70095 -18.561 
5.91417 -17.5566 
1.77799 -19.0508 
0.171955 -19.1597 
3.91469 -18.4054 
-2.94356 -18.1775 
-1.67088 -20.1383 
1.33144 -18.2574 
13.1037 -13.5957 
4.86508 -18.0744 
6.30802 -17.1188 
-0.963534 -19.7377 
0.185029 -18.6816 
-1.62326 -18.9897 
2.69628 -18.6579 
6.9047 -16.8541 
-0.966979 -19.4786 
-1.43216 -19.9766 
-0.615275 -18.5162 
0.409613 -19.7289 
5.301 -17.3789 
-1.45409 -19.6712 
4.37888 -17.972 
2.49734 -18.6747 
4.45205 -17.6228 
13.9438 -13.9164 
-1.28859 -18.4928 
-0.575532 -20.0272 
3.67332 -18.1616 
6.79748 -16.2003 
-4.44618 -18.2307 
3.17723 -18.1374 
1.96806 -18.4264 
-0.571651 -19.7152 
2.29157 -18.3724 
2.88179 -18.8636 
9.45162 -15.747 
-1.46076 -18.9633 
-0.21539 -19.188 
-0.956541 -19.2092 
2.63414 -18.0424 
2.89623 -18.4403 
1.00473 -18.5639 
-3.74676 -17.8701 
1.03784 -19.0772 
10.9574 -15.2592 
-0.780556 -19.7731 
4.005 -17.8518 
-0.829791 -20.0732 
5.29526 -17.4354 
3.46796 -17.4356 
11.1981 -14.7523 
-3.02134 -18.4717 
7.78254 -16.7695 
-0.417681 -19.5863 
6.21303 -17.2852 
-0.98967 -19.3823 
-2.46885 -18.4525 
0.103731 -18.8632 
-0.311871 -19.4556 
2.80972 -18.221 
-0.216357 -19.7539 
1.76746 -18.4293 
2.09228 -18.7206 
-1.39696 -19.3162 
3.70824 -18.0929 
1.55569 -18.3991 
-1.41666 -19.3241 
0.634354 -18.5339 
-1.51257 -19.6997 
4.44031 -17.0004 
-5.47185 -17.5437 
0.135275 -19.1942 
-0.648365 -19.8629 
3.57342 -18.09 
0.489031 -17.9943 
4.04829 -18.2769 
0.151905 -19.3476 
0.483689 -18.211 
2.66399 -18.3172 
2.71619 -18.5472 
0.836019 -19.6582 
-1.54849 -19.5592 
0.474203 -17.5555 
0.947238 -19.4299 
14.0852 -13.6528 
-8.67439 -16.8101 
7.22234 -16.7738 
2.75446 -18.2502 
-1.16525 -19.4792 
0.648439 -18.83 
-0.79141 -19.6681 
3.27841 -18.1385 
-1.67863 -20.2934 
5.76162 -16.7963 
5.50761 -17.5036 
9.73292 -16.0752 
-1.48331 -20.0846 
1.09963 -18.5867 
1.57557 -18.8731 
4.80006 -17.6043 
12.9956 -13.5468 
-1.60454 -17.9425 
2.3917 -18.8065 
-0.0185955 -19.6444 
0.714556 -19.1951 
1.35766 -18.95 
10.5941 -15.3689 
3.81668 -17.8337 
-0.594835 -19.3696 
-1.00927 -19.1272 
-1.05803 -18.4884 
-1.78852 -19.0233 
8.34806 -16.1505 
11.5365 -14.7539 
-0.0237494 -18.8186 
-1.31952 -19.296 
1.57643 -18.8021 
-1.68213 -18.6346 
13.3173 -14.3821 
4.9347 -17.444 
2.2448 -18.9659 
3.85811 -17.7123 
9.4249 -15.9106 
-0.031757 -19.2218 
-0.688711 -19.9044 
0.690701 -18.7927 
5.2277 -16.958 
-0.769381 -19.5167 
1.94185 -18.4128 
3.23844 -17.6062 
-0.0524298 -19.4156 
6.4626 -17.0462 
0.119322 -19.4814 
-1.12563 -19.5018 
-1.63042 -19.8125 
0.661708 -18.8808 
8.84018 -16.3609 
1.17396 -19.0923 
4.1561 -17.876 
-3.08863 -19.2713 
-1.91587 -19.1633 
0.726759 -18.9465 
-1.11804 -18.4901 
-1.58499 -18.3262 
9.04619 -15.9186 
-1.57506 -20.1019 
7.9043 -16.1606 
-1.35555 -20.1637 
2.9876 -18.6248 
12.5915 -14.7005 
-2.64063 -19.1232 
6.32849 -17.1517 
-2.39326 -19.7842 
1.71363 -19.0475 
13.0718 -14.1983 
14.5128 -13.7689 
7.80175 -16.3365 
9.21359 -16.3742 
2.35311 -18.6902 
-1.20451 -19.3141 
0.693046 -18.7462 
7.91825 -16.9803 
3.28689 -18.2681 
13.1125 -12.1412 
2.1062 -18.8957 
-0.773809 -19.8985 
2.90177 -17.736 
-1.39172 -19.3091 
-0.895756 -19.3403 
12.6033 -14.3083 
8.81759 -15.9794 
1.94973 -18.2088 
-1.19192 -20.2117 
-1.09478 -20.1759 
6.31242 -16.9781 
-8.06533 -16.7141 
13.1181 -14.129 
1.99394 -18.7136 
13.9758 -14.0951 
12.3143 -14.6851 
-1.24347 -20.04 
1.31615 -18.6196 
1.32067 -18.5143 
0.538691 -19.077 
1.36741 -19.1551 
13.4243 -14.1881 
5.20913 -18.0501 
-1.74066 -19.5218 
0.0187337 -18.3453 
4.32665 -17.8795 
-1.3845 -19.2831 
7.50011 -16.7935 
5.50433 -17.8345 
7.50274 -16.6819 
7.0579 -16.8252 
-1.31928 -20.2591 
5.68664 -17.3854 
0.960129 -18.8526 
0.828783 -18.8532 
-0.650965 -19.5491 
-1.76662 -19.5097 
3.41093 -18.1268 
-0.900373 -20.1333 
13.5512 -14.1892 
-0.865356 -19.651 
-2.49744 -19.3058 
-0.566051 -20.0664 
0.139557 -19.0397 
-1.13673 -19.617 
-0.798951 -19.4671 
-1.00325 -19.5847 
6.29516 -17.2768 
-1.53819 -20.1155 
-1.58742 -20.3535 
-1.45166 -19.7824 
-1.81528 -19.1805 
1.88064 -18.6515 
0.0820136 -18.9464 
2.05556 -18.7006 
-1.46718 -20.0356 
12.0193 -15.0932 
3.78601 -18.4693 
-0.398403 -19.21 
11.4358 -15.1611 
-3.62394 -19.141 
12.7221 -12.1028 
-2.78432 -18.0971 
5.02368 -17.5961 
3.31516 -18.1343 
3.57538 -17.8053 
3.01003 -18.5711 
-1.07542 -20.2921 
4.70487 -17.344 
-1.29613 -20.2365 
2.44338 -18.7574 
12.5735 -14.7591 
0.512952 -19.3732 
0.635862 -19.5519 
8.77622 -16.1181 
-1.57237 -19.964 
3.50486 -18.0292 
6.21712 -16.6899 
0.449174 -18.6298 
-0.00208812 -19.5616 
0.605385 -19.2853 
1.16606 -18.8249 
1.35077 -18.0096 
-1.60166 -20.2915 
12.1723 -14.7536 
-3.05382 -18.9984 
-2.02718 -19.4808 
1.52877 -17.8207 
4.01154 -17.7441 
1.15473 -18.7387 
-7.02183 -16.9477 
1.62543 -18.3705 
1.59982 -18.3643 
-0.679894 -19.8715 
6.72709 -17.3947 
1.32694 -18.4904 
-4.51677 -17.4664 
-3.13821 -17.009 
1.89804 -18.5827 
-1.55237 -18.9822 
-0.747203 -18.5506 
-1.39381 -20.2492 
-1.67651 -20.1602 
-0.21947 -19.8678 
7.01869 -16.6601 
-3.49033 -19.4375 
-1.40494 -20.1176 
1.94561 -18.1572 
-0.388935 -17.942 
-0.969675 -19.7223 
1.10636 -19.3722 
4.37055 -17.4893 
0.969496 -18.6519 
-2.64739 -17.5829 
10.1053 -15.8889 
-0.431875 -19.1921 
-0.611542 -19.908 
0.28087 -18.9931 
0.532705 -17.6782 
-0.705374 -19.4909 
4.24139 -17.5108 
12.0932 -14.5379 
-0.864672 -19.1809 
10.9155 -14.95 
12.2982 -14.5525 
9.51771 -15.4122 
3.14086 -18.4217 
-3.20264 -19.9936 
10.7565 -14.9433 
4.81706 -17.1558 
-0.952142 -19.4164 
-1.84399 -19.5767 
1.23604 -19.1587 
-0.478274 -19.0983 
-0.208133 -19.6436 
-1.08874 -19.326 
0.907395 -19.6072 
-1.01603 -19.7617 
-0.93199 -20.1207 
2.05914 -19.2616 
2.12708 -19.388 
-1.37079 -19.9149 
11.4434 -11.9949 
0.566556 -19.1233 
-3.27695 -19.0687 
8.40532 -16.2725 
1.05061 -18.4573 
4.12344 -18.3642 
-0.95241 -18.9119 
-2.73319 -18.0656 
-0.705584 -19.5256 
10.0293 -15.3267 
8.42385 -15.7871 
13.9307 -13.5363 
-0.636709 -19.3244 
3.49119 -17.8447 
2.72682 -18.4977 
0.963266 -19.0846 
10.0398 -15.9121 
10.1917 -14.8098 
0.872939 -18.0011 
-0.708279 -19.8603 
-1.98814 -19.8229 
7.73544 -16.3445 
10.7611 -15.1634 
-2.10874 -18.7926 
6.30825 -16.9348 
2.8 -18.3699 
-1.31387 -19.3578 
-0.623426 -19.3987 
9.4601 -15.7063 
2.25437 -17.9757 
6.45833 -17.6446 
-2.67223 -18.4056 
-1.28272 -19.2898 
0.255459 -19.709 
9.18416 -16.1345 
3.91494 -17.7265 
0.521995 -18.4874 
-1.31941 -20.0464 
-0.934724 -19.9366 
-0.97844 -20.3182 
-2.02544 -20.263 
-3.41233 -19.7233 
2.54163 -18.7285 
-1.93777 -20.4011 
1.24744 -19.2463 
-3.08007 -20.0824 
-3.77986 -19.6585 
-1.17049 -20.3094 
-2.05557 -20.0949 
-1.89709 -20.0264 
-3.05793 -19.4168 
-2.52382 -20.0317 
1.85199 -19.137 
-0.5243 -19.4396 
-1.4274 -20.1995 
-0.608904 -19.7226 
6.38564 -17.4489 
-2.03461 -20.2351 
-1.73073 -20.3088 
-1.16641 -20.0031 
4.5622 -18.377 
-1.07593 -20.1834 
-1.71312 -19.1712 
-0.604796 -19.378 
-2.17461 -19.3791 
-3.11714 -19.2517 
-1.68512 -19.3009 
-3.18098 -19.104 
-0.862575 -19.6752 
-2.59077 -19.0501 
-1.74521 -19.4584 
-0.756693 -19.693 
-3.57474 -19.5701 
-1.30847 -20.0317 
-5.14702 -17.3187 
-3.95228 -19.2685 
-2.87793 -19.8478 
7.2547 -16.6609 
-4.10096 -19.4817 
-2.14158 -20.5398 
-2.51095 -19.7228 
-4.69237 -18.6888 
-2.80164 -20.1387 
-4.65103 -19.4918 
-0.563674 -19.6029 
-2.90767 -18.3944 
-1.87244 -19.2437 
-1.0933 -19.6329 
-1.98376 -19.1596 
-0.842646 -19.212 
-0.688428 -19.0795 
-0.617223 -19.7581 
1.21027 -18.6963 
-0.383235 -19.1133 
-2.38169 -19.2143 
-3.65255 -18.3114 
-1.39506 -19.691 
-3.08972 -19.0295 
-1.28926 -19.1908 
1.52856 -18.3042 
-2.24878 -19.1644 
-0.177524 -19.2721 
4.21024 -17.9371 
1.0705 -18.7979 
-0.813546 -19.6466 
-1.12624 -19.4186 
3.15081 -18.3559 
0.611225 -18.3796 
-1.4842 -20.0079 
-1.81347 -20.235 
-1.34165 -19.7622 
-0.614655 -19.7047 
-0.894596 -20.174 
0.432045 -19.4839 
-0.21457 -19.4096 
0.0319729 -19.3863 
-0.148677 -18.7292 
0.972919 -19.3582 
-0.971188 -19.9971 
-1.98191 -19.3368 
-2.90063 -19.3426 
-1.08356 -20.1131 
-3.2 -19.1985 
-0.436517 -19.6705 
4.68801 -17.7861 
-7.07332 -17.1544 
-1.63242 -19.6978 
2.42397 -18.4813 
5.87404 -17.1445 
0.352646 -19.2022 
2.62653 -18.3984 
4.30892 -17.4359 
-0.721672 -19.341 
7.33312 -16.4844 
-1.21384 -18.6197 
-0.810521 -19.4267 
0.120578 -18.825 
0.296956 -19.1614 
1.47593 -18.5875 
-1.17074 -19.3946 
-0.426135 -19.4112 
-1.3413 -19.1912 
-0.753975 -19.2115 
-0.627909 -19.3849 
-1.1059 -19.1211 
-0.629506 -19.3889 
-0.451231 -19.618 
-1.06772 -19.9012 
-0.691586 -19.2733 
-0.792566 -19.8569 
-1.6088 -19.5551 
-1.65572 -19.743 
-3.03851 -19.5208 
-3.45614 -19.555 
-3.4559 -19.4853 
-1.27879 -20.1355 
-3.22803 -19.3441 
-1.4909 -20.0559 
-3.60241 -19.5066 
-1.55881 -19.408 
-3.16211 -20.2401 
-4.15293 -18.3831 
-1.85757 -20.0045 
-1.12165 -20.0768 
0.485882 -19.2562 
1.17699 -19.4026 
-1.17094 -20.2149 
-1.25087 -20.2159 
-0.468421 -19.9651 
0.421904 -19.1752 
3.60806 -17.9122 
7.04005 -16.6024 
3.10443 -18.3189 
-0.720973 -19.6416 
-1.54311 -19.3373 
-1.11953 -20.1732 
0.322911 -19.5463 
-1.04949 -19.7695 
-1.45161 -20.0996 
-2.08466 -19.2745 
-1.47497 -20.0678 
-2.62276 -19.8899 
-1.10102 -20.133 
-3.20191 -19.0227 
-3.13295 -19.0802 
-2.19482 -19.8626 
-0.835383 -20.0625 
-3.0705 -19.1645 
-3.63845 -19.6156 
3.19882 -18.7664 
-2.0105 -19.0717 
2.7119 -18.8601 
3.79379 -18.2288 
14.1815 -13.115 
11.4368 -10.7438 
14.4478 -13.1208 
10.0926 -14.9717 
12.1842 -14.4722 
-3.19157 -16.8545 
-3.61708 -18.0574 
-2.65321 -18.7511 
-1.86801 -19.7974 
0.427819 -19.1823 
-2.19543 -18.9081 
-4.24671 -19.6863 
-2.95628 -18.435 
-2.81905 -19.7827 
-1.24235 -19.5499 
-2.46983 -20.2475 
-1.34797 -19.3531 
-2.91671 -19.4825 
-2.12798 -20.3247 
-3.66341 -19.2141 
-2.65248 -19.9135 
-2.71495 -20.0643 
-1.98197 -20.3547 
-2.12796 -19.5167 
-1.66504 -19.0906 
5.44642 -17.3255 
-0.666794 -19.7918 
-1.58923 -18.7868 
4.40474 -17.7649 
3.6867 -18.0269 
3.25136 -17.7124 
2.79075 -18.3943 
-1.09652 -19.9701 
1.9245 -18.895 
8.35449 -16.3579 
-0.0969707 -19.3939 
4.36137 -17.6289 
-1.0067 -20.0915 
-1.06325 -20.2652 
-2.19935 -20.1596 
-1.46745 -20.1025 
-1.74241 -20.1275 
-3.38387 -19.7823 
-1.01526 -19.3152 
-2.34154 -20.0285 
-1.59438 -20.153 
1.20837 -19.4356 
-1.37647 -20.2255 
-3.7451 -19.3246 
-4.39281 -19.4293 
3.29871 -18.3049 
6.91527 -17.3105 
-1.67158 -20.3334 
-0.858442 -20.1327 
2.41889 -19.0209 
-0.29713 -19.8409 
-0.773613 -19.9723 
-0.645177 -19.9221 
2.35672 -18.7397 
0.235317 -19.867 
3.70665 -18.5681 
2.65422 -18.8308 
-0.491969 -20.074 
-2.78823 -18.7107 
-3.56413 -20.1126 
-2.77329 -20.0387 
-1.95318 -19.7168 
-0.973377 -19.6882 
-2.28028 -18.9261 
-2.06335 -19.0767 
-4.70861 -17.9217 
-3.13438 -19.6037 
-1.35041 -19.8804 
-3.4158 -18.4151 
-1.21833 -19.8295 
2.12027 -18.8616 
-0.531211 -20.0173 
1.37337 -19.2453 
-1.23201 -20.1498 
-0.358699 -19.7574 
-1.44683 -20.1495 
-1.72746 -19.8599 
-0.334699 -19.7736 
1.1601 -19.0845 
-1.36015 -20.1388 
-1.50636 -19.6068 
-2.1875 -19.3989 
-2.04706 -20.3858 
-6.56809 -17.7527 
-4.01341 -18.8536 
-3.65001 -19.0797 
-0.71436 -19.9031 
-0.148185 -20.0121 
-1.14973 -19.2981 
-2.44501 -19.7662 
-1.61206 -20.258 
-2.91407 -18.8754 
-0.78747 -19.7766 
-2.05758 -20.1519 
-3.86572 -19.4814 
-4.04747 -19.4129 
-4.11732 -19.223 
-3.54759 -19.6346 
-3.3091 -19.7233 
-1.775 -19.7078 
-3.65784 -19.6081 
-2.46258 -19.8348 
-2.84691 -19.8706 
5.15271 -17.2917 
2.41286 -18.3189 
4.6775 -17.5026 
-1.61093 -18.5065 
-4.48494 -17.7467 
5.59376 -17.1618 
1.29811 -18.6943 
14.1285 -13.8305 
9.70986 -15.5208 
13.729 -13.939 
2.51981 -18.2514 
4.02246 -17.5717 
-2.1848 -20.0286 
-1.03754 -20.0968 
-1.8883 -20.3086 
-1.31744 -19.7664 
-1.37162 -20.2797 
-2.81343 -19.9062 
-1.96338 -20.0573 
-1.19792 -20.2433 
-2.28443 -20.453 
-1.3839 -20.1993 
-1.33818 -20.2287 
-1.50921 -19.6191 
-1.81335 -20.6279 
-1.98297 -20.3787 
-3.2744 -19.9573 
-2.87494 -19.8672 
-2.36726 -20.1438 
-1.31835 -20.0718 
3.15848 -18.2867 
-1.04065 -20.2098 
-1.85038 -19.4371 
-1.37984 -20.1836 
-1.08168 -20.1557 
-1.1021 -19.5418 
-3.81289 -18.3761 
-0.831133 -19.9532 
-1.19476 -20.2591 
-0.89269 -19.8101 
-1.40779 -20.2523 
-0.563155 -19.49 
-2.31291 -20.3782 
-0.253974 -19.9539 
-0.797816 -20.0231 
-0.408778 -19.9414 
-0.699821 -19.9656 
-1.55536 -19.3143 
-1.41987 -20.1638 
-3.05424 -19.0902 
-2.62302 -19.417 
-2.2978 -19.0288 
-2.51034 -19.4936 
-2.98737 -19.7266 
-1.23854 -19.5018 
-4.98613 -18.4436 
-2.13412 -19.2564 
-2.95324 -19.8401 
-3.04453 -19.7898 
-1.03322 -19.4868 
-3.22057 -19.5385 
-1.64162 -19.0264 
-1.94749 -18.7176 
-1.28275 -19.453 
-0.903788 -19.2837 
-0.0936542 -19.1771 
-1.73002 -19.2926 
-1.94018 -19.0663 
-2.18218 -18.77 
-1.07275 -19.4588 
0.61883 -18.8997 
-1.05789 -19.7456 
-0.501892 -19.2011 
-0.474272 -19.5889 
-4.03356 -17.9358 
-6.3526 -18.2774 
-1.37784 -19.6712 
-2.50151 -19.1075 
-3.01676 -19.466 
-8.18976 -16.6565 
-2.75313 -18.7254 
-2.52552 -19.054 
-0.329073 -19.043 
-2.92205 -18.9809 
-2.87364 -18.794 
-0.947376 -19.8142 
-0.743679 -19.4667 
-0.760252 -20.029 
-0.777756 -20.0184 
-1.23532 -20.0698 
2.16021 -18.6263 
-0.898971 -20.1038 
2.98426 -18.565 
-3.58637 -19.6182 
-1.16201 -20.2246 
-1.41016 -19.9855 
-2.42307 -18.9314 
-2.47609 -18.0751 
-2.70365 -17.0403 
-0.954614 -19.6464 
-1.45113 -19.8864 
-1.67252 -19.865 
-2.85415 -18.8866 
-3.25391 -18.4909 
-5.51526 -17.6857 
-5.17184 -17.8456 
-2.18085 -18.9068 
-0.0074428 -19.6067 
-1.44283 -20.1669 
-0.905393 -20.0534 
-1.53629 -20.0986 
-1.41719 -20.1313 
-0.93135 -20.13 
1.31552 -19.0252 
-1.59468 -20.1999 
-1.34518 -20.257 
-1.49471 -20.1505 
-0.0188166 -19.4997 
2.59381 -18.2554 
-1.51567 -20.3172 
-1.11324 -19.9925 
-1.43822 -19.9786 
-3.19355 -19.2396 
-1.27013 -20.0676 
-1.6195 -19.6669 
-1.21296 -19.9077 
-1.33287 -19.7392 
-1.24413 -19.7697 
-1.74829 -19.5463 
-3.28716 -19.6756 
-3.20288 -19.2103 
-1.78148 -19.541 
-1.77621 -19.3795 
-0.651593 -19.6661 
-1.38266 -20.1307 
-0.865063 -20.0929 
-1.88748 -19.3983 
0.752766 -18.4223 
-3.57475 -19.463 
-2.51272 -19.8844 
-1.75265 -20.1853 
-3.52382 -19.3572 
-4.18573 -19.5716 
-0.85474 -19.7885 
-2.16759 -20.0451 
-3.17443 -20.2462 
-1.13969 -19.6431 
-3.1485 -19.9363 
-1.7634 -19.5027 
4.35027 -17.7497 
3.19598 -18.159 
1.12001 -19.0609 
4.63143 -17.5241 
-1.14339 -19.4105 
-0.773676 -19.8548 
-1.05985 -20.0396 
-1.09442 -20.2272 
-0.806764 -19.5792 
-0.314787 -19.3154 
0.463899 -19.3086 
-0.524251 -19.9259 
-2.68494 -19.6527 
-3.01449 -19.2297 
-2.13808 -19.4409 
-3.79838 -19.9241 
-4.04847 -19.5481 
-4.19854 -19.5005 
-2.19247 -20.1238 
-3.0681 -19.3836 
-3.64383 -19.7097 
-3.79382 -19.6909 
-1.47332 -19.9097 
6.51726 -16.6356 
14.5805 -13.3508 
1.81532 -18.4055 
-0.314121 -18.7651 
-0.854585 -19.9435 
-1.99869 -19.8158 
-0.18679 -19.6723 
-1.08429 -19.9889 
0.667173 -18.6793 
5.26637 -17.3703 
2.36832 -18.4888 
-1.23387 -20.2281 
-0.831661 -19.9937 
-1.17958 -20.2612 
9.51069 -16.0756 
-0.583175 -19.7771 
-0.446881 -19.7413 
-1.54734 -20.1624 
-1.03763 -19.8782 
-1.93076 -20.3873 
4.53806 -17.5515 
6.21395 -17.1755 
-0.679569 -19.392 
4.00928 -18.3452 
3.03029 -18.6967 
-1.77948 -20.1006 
0.874539 -19.3218 
-1.26831 -20.2035 
-0.992121 -20.1584 
-0.00693759 -19.0824 
-1.07602 -20.0188 
-0.598403 -20.1019 
-2.19721 -19.4024 
-4.31149 -19.1159 
-1.5743 -20.0311 
-1.22457 -20.2366 
-0.109458 -20.0824 
-1.23978 -19.9289 
-2.01079 -20.5889 
-1.36137 -20.0737 
-2.86861 -19.7302 
-0.0219737 -19.6244 
-3.69453 -19.6608 
-1.6878 -20.0803 
-1.40975 -20.1369 
-3.05007 -19.6551 
-3.31073 -20.0815 
-2.93549 -19.7663 
-3.55444 -19.0769 
-0.994409 -19.8733 
-2.53856 -20.022 
-1.15046 -20.2552 
-1.78119 -20.2532 
-0.935848 -19.9961 
-1.34645 -20.0419 
-1.23361 -20.2179 
-3.04117 -18.9202 
-1.49549 -20.111 
-3.41224 -18.8409 
-2.00553 -19.3955 
5.95432 -17.5449 
8.17013 -16.0956 
3.84805 -18.4316 
-0.537511 -19.2044 
-1.39107 -18.9997 
-3.11968 -20.1228 
-2.5418 -19.6606 
-1.80773 -19.8011 
-0.441132 -19.5988 
-1.95063 -20.3592 
-2.61802 -20.4377 
1.37981 -19.0808 
-0.771632 -19.774 
