-15.9411 -2.51873 
-15.8894 -3.97055 
-17.1114 -2.901 
-15.8413 -1.22536 
-15.4962 -0.641176 
-16.2371 -1.93769 
-17.2961 -3.1517 
-16.6266 0.776772 
-15.6408 -1.43033 
-16.8853 -2.09591 
-17.032 -2.60804 
-14.999 -6.17873 
-16.0898 -3.35066 
-15.2452 -0.169415 
-13.079 -6.97423 
-17.3154 -2.91477 
-13.71 -8.53161 
-17.312 -2.21577 
-15.4934 -0.678329 
-16.4286 -1.87054 
-16.51 -2.48177 
-17.1914 -0.641134 
-17.3719 -2.05739 
-17.3325 -1.79307 
-14.8864 0.466004 
-12.8557 -10.3514 
-15.3165 -0.388906 
-17.0563 -3.72759 
-13.52 -5.89523 
-16.4903 -0.40514 
-16.0462 -2.63543 
-11.2777 2.28822 
-15.4881 -3.80022 
-16.7507 -2.03132 
-15.3859 0.117046 
-16.864 -3.22857 
-16.8077 -3.24958 
-16.7504 -1.93345 
-17.3138 -2.66015 
-16.8451 -1.34049 
-16.9266 -3.21483 
-16.5787 -2.2782 
-16.6783 -2.59382 
-17.1871 -2.75518 
-17.2613 -2.09311 
-17.3494 -2.03571 
-17.3715 -1.98275 
-16.83 -3.28092 
-17.0723 -2.99278 
-15.8784 -1.70091 
-8.17622 -10.3903 
-16.7743 -0.233681 
-17.3619 -1.65699 
-17.3641 -1.54952 
-17.3593 -1.51119 
-11.3594 -7.63116 
-17.3437 -2.04361 
-16.6548 -2.74334 
-17.3841 -2.4142 
-16.9646 -1.51241 
-16.5258 -1.78754 
-17.3125 -2.23094 
-16.2279 -4.80546 
-15.8843 0.908454 
-17.3039 -2.61404 
-15.4818 -2.73574 
-17.0314 -2.02602 
-17.2437 -1.15097 
-14.3665 -3.16399 
-7.74296 -10.6703 
-17.199 -2.36685 
-17.0171 -2.85286 
-16.0017 -1.90449 
-8.77339 -11.7166 
-14.9739 -7.2731 
-15.9806 -1.9234 
-16.1459 -2.06 
-17.1472 -2.28828 
-17.3367 -2.09882 
-17.3153 -2.30986 
-17.3953 -1.73625 
-16.7819 -2.34674 
-17.148 -2.51551 
-16.4778 -1.93376 
-15.6074 -0.909708 
-17.332 -2.33369 
-17.331 -1.96959 
-16.3512 -2.2074 
-13.7331 -7.89818 
-17.2265 -1.29293 
-17.2992 -2.15336 
-15.8546 -0.868983 
-14.1858 -4.26582 
-17.3856 -2.38323 
-16.6205 -2.50004 
-16.2643 -2.87207 
-17.3219 -1.30933 
-17.3164 -2.99154 
-15.797 -1.24513 
-17.2423 -0.744036 
-17.1368 -2.97999 
-16.8769 -2.43467 
-17.4044 -2.05361 
-17.3059 -2.4975 
-16.9256 -2.34865 
-15.384 -3.9884 
-13.5099 -9.30258 
-14.2318 -5.11703 
-17.2669 -3.13788 
-17.3637 -1.80111 
-17.1032 -3.10516 
-15.1522 -3.61873 
-16.8906 -0.170252 
-17.2236 -1.43324 
-17.3367 -1.50972 
-16.6683 -1.61651 
-16.1523 -1.75575 
-14.8152 -7.16923 
-17.2004 -1.34188 
-14.031 -0.649882 
-17.3552 -2.17747 
-14.4276 -8.08544 
-16.0997 -1.91779 
-17.2836 -1.24456 
-15.4676 0.338576 
-15.6244 -1.58484 
-15.5927 -0.848119 
-16.6244 -2.56746 
-17.0074 -3.10416 
-11.7348 -8.08969 
-15.7151 -3.72319 
-17.3167 -2.47908 
-17.2755 -2.2171 
-17.3655 -2.19001 
-16.7634 -0.488471 
-17.3029 -1.61909 
-17.3895 -2.02707 
-17.2123 -0.672339 
-15.8522 -0.535919 
-17.3492 -1.6069 
-13.6122 -9.032 
-17.0295 -3.07038 
-17.0549 -0.954632 
-16.4347 -5.6013 
-16.4051 -1.75823 
-16.4489 -3.03581 
-17.3464 -1.22447 
-17.2942 -2.12117 
-16.9606 -2.87771 
-10.435 -11.4203 
-17.304 -2.28844 
-16.7113 -4.34884 
-16.249 -1.67029 
-17.3322 -2.05863 
-15.1497 -7.79244 
-17.3592 -1.57218 
-14.7792 -3.65907 
-17.32 -1.95051 
-16.4739 -2.71085 
-16.0722 -1.89751 
-14.0271 -6.22509 
-17.2431 -2.47095 
-14.1317 -7.47209 
-17.3877 -2.01454 
-16.5948 -2.22428 
-17.371 -2.01613 
-14.9915 -6.90737 
-17.3523 -1.78865 
-16.3386 -1.58677 
-16.617 0.181834 
-17.0866 -0.875366 
-16.5322 -2.20256 
-10.5916 -10.243 
-17.4164 -2.1873 
-16.2305 -2.08219 
-17.3876 -2.1086 
-17.0412 -2.86355 
-16.112 -1.54296 
-17.3487 -1.47218 
-17.1014 -4.01722 
-14.203 -8.81955 
-17.4069 -2.14726 
-16.6445 -1.72551 
-16.7451 -2.63801 
-17.0461 -2.64712 
-15.9022 -1.66679 
-17.3539 -2.08237 
-17.1252 -2.89887 
-17.2147 -2.98384 
-11.7452 -8.87012 
-17.4038 -1.61183 
-17.1203 -2.29445 
-16.7393 -3.5392 
-16.802 -2.62259 
-17.0133 -2.29298 
-15.8912 -2.74737 
-17.3741 -1.62695 
-15.4603 -0.448588 
-17.3092 -1.73686 
-16.6182 -2.0317 
-14.8633 -7.10522 
-17.0214 -1.40082 
-16.242 -1.53589 
-16.7147 -3.57011 
-13.1721 -6.74134 
-16.6961 -3.25651 
-17.3309 -1.89886 
-15.7702 -1.87148 
-17.3891 -2.05158 
-10.5909 -9.81847 
-17.2263 -1.86363 
-17.3124 -1.91668 
-17.3328 -2.76615 
-16.6429 -1.08378 
-17.3395 -2.06499 
-10.8935 -10.7068 
-17.3448 -2.20583 
-15.8877 -1.49699 
-17.3759 -1.93917 
-9.25839 -11.6904 
-17.3758 -2.12138 
-17.1744 -3.4396 
-9.54028 -10.4448 
-17.3683 -2.0095 
-8.524 -12.7777 
-15.2749 -7.87563 
-16.9596 -2.45432 
-16.3753 -2.13573 
-16.3552 -2.09786 
-13.8965 -8.23973 
-16.3126 -1.98682 
-16.878 -2.69106 
-8.16737 -11.9581 
-17.2459 -2.14102 
-15.1652 0.182603 
-15.4968 -0.439587 
-16.4235 -2.76528 
-17.1242 -2.57626 
-16.0098 -5.76 
-16.8581 -1.01879 
-16.552 -1.39012 
-16.9224 -2.25599 
-15.6614 -3.05721 
-15.551 -0.530816 
-15.8171 -1.54232 
-17.2336 -2.06893 
-16.697 -3.46521 
-17.3579 -1.46938 
-15.807 -1.60604 
-15.6343 -0.644929 
-17.2543 -1.40781 
-10.6426 -14.1415 
-11.136 -8.90402 
-15.6641 -1.64167 
-9.35831 -10.6817 
-17.3158 -1.69217 
-16.7168 0.610491 
-12.2864 -10.246 
-12.8332 -9.1988 
-12.3384 -12.3713 
-14.5937 -2.98851 
-16.3013 -1.89968 
-14.9096 -1.22534 
-17.3731 -2.05827 
-16.249 -2.20162 
-15.9264 -4.37933 
-17.2769 -1.58799 
-17.0058 -2.45429 
-16.8857 -3.35755 
-16.8504 -2.55605 
-17.2072 -3.0873 
-15.6837 -7.23317 
-15.9203 -1.51027 
-17.1264 -2.60149 
-12.0835 -13.1578 
-17.3661 -2.20632 
-17.1669 -3.16183 
-17.3138 -2.69137 
-16.2229 -4.53053 
-14.4151 -6.23532 
-17.3781 -2.0258 
-17.4174 -1.91222 
-15.3636 -2.73323 
-15.8723 -1.32503 
-16.2707 -3.9628 
-17.0719 -1.17662 
-16.2435 -5.0754 
-15.1975 0.0902861 
-12.9143 -4.15968 
-17.1941 -1.1671 
-15.9442 -3.60289 
-16.8434 -3.75484 
-17.0595 -2.43498 
-17.3387 -2.38381 
-16.759 0.467326 
-16.9749 -4.33069 
-17.3089 -2.7364 
-15.9797 -1.69851 
-17.3864 -2.56102 
-15.2828 -3.69202 
-16.9376 -2.52119 
-15.8611 -0.861385 
-15.603 -1.23374 
-16.5869 -2.52463 
-16.6293 -4.48582 
-17.14 -1.79065 
-15.2505 -7.20949 
-16.918 -1.35668 
-14.9116 -4.91267 
-15.5969 -0.923431 
-15.2892 -4.77063 
-12.3807 -10.1044 
-12.8041 -6.61743 
-9.08663 -11.1164 
-16.9416 -2.32796 
-16.7695 0.36082 
-17.2152 -1.44767 
-8.86613 -11.1856 
-16.3664 -2.61537 
-15.6958 -1.04406 
-15.06 -3.63247 
-16.6141 -3.48495 
-15.811 -1.89116 
-16.7926 0.24818 
-16.2409 1.60929 
-17.0585 -2.35904 
-16.8062 -4.17481 
-17.1143 -2.7555 
-16.1205 -1.85352 
-15.797 -1.71574 
-17.2453 -1.45796 
-15.8347 -4.18301 
-17.3554 -1.77123 
-8.31678 -11.865 
-17.3691 -2.36557 
-17.2934 -2.03836 
-16.7772 -2.89129 
-17.3959 -1.91934 
-17.2471 -2.12506 
-17.1976 -2.41954 
-16.3029 -2.54424 
-17.3253 -1.13997 
-15.8175 -1.79054 
-10.6692 -9.2703 
-17.2701 -2.05612 
-15.4154 1.65861 
-17.3143 -2.91415 
-16.9509 -2.02654 
-10.8447 -14.0351 
-13.3043 -8.53976 
-13.3523 -6.83967 
-8.45749 -10.5577 
-15.6327 -1.27276 
-17.2813 -3.02878 
-13.1096 -11.7916 
-15.9662 -1.46666 
-17.1626 -2.02665 
-16.9774 -1.91683 
-15.9394 -1.74685 
-14.9712 -0.586355 
-16.9748 -1.37447 
-12.6481 -7.7233 
-9.01234 -10.1032 
-17.3514 -1.73539 
-16.4766 -3.21097 
-16.2108 -2.35914 
-16.2291 -0.726223 
-16.2911 -3.15751 
-16.9821 -2.52082 
-16.4621 -3.95592 
-15.7858 -1.03557 
-15.9684 -6.73719 
-16.8312 -1.43129 
-14.9199 -5.02215 
-17.3649 -1.7908 
-17.2816 -1.35018 
-17.2282 -2.76386 
-16.4434 -2.88091 
-7.55502 -7.51187 
-15.9767 -1.59463 
-17.0411 -3.3605 
-16.2857 -2.16571 
-17.2349 -2.0455 
-16.0393 -2.62849 
-17.1695 -1.4521 
-16.0986 -2.643 
-16.7786 -2.47686 
-16.1796 -1.18426 
-15.4764 -4.46254 
-17.0804 -2.4033 
-17.1939 -2.42859 
-16.2781 -3.87404 
-16.793 -2.4157 
-16.4335 -2.92013 
-16.2084 -6.28012 
-15.7142 -1.06089 
-13.8062 -7.76372 
-16.3374 -5.49348 
-16.6672 -1.69382 
-17.3398 -2.25258 
-16.0527 -3.38628 
-15.4063 -0.329625 
-16.1114 -2.43832 
-9.41345 -11.1306 
-15.548 -1.3679 
-16.0923 -2.96258 
-14.4157 -7.12632 
-17.1975 -1.0441 
-17.3797 -1.91559 
-15.8317 -4.5599 
-17.2741 -1.9159 
-16.2905 -1.72995 
-17.3751 -1.9304 
-16.1672 -2.04815 
-16.261 -2.60744 
-17.3747 -1.90849 
-16.9422 -1.91613 
-17.3191 -1.97173 
-16.9527 -2.97679 
-17.2531 -2.43525 
-17.3259 -1.57163 
-11.8354 -8.42553 
-16.491 -3.22547 
-16.1264 -1.39953 
-15.6327 -0.958351 
-16.0539 1.29401 
-16.2309 -1.97425 
-16.5189 -0.892899 
-15.9632 -1.51986 
-16.5205 -2.42711 
-15.9686 -1.85453 
-16.2162 -5.00115 
-15.9353 -2.49966 
-17.3647 -2.40456 
-17.359 -1.89401 
-16.6673 0.358951 
-14.8466 -3.08429 
-15.4697 -2.49897 
-15.7961 -1.50229 
-17.35 -2.05194 
-17.0633 -3.47247 
-10.005 -14.1038 
-16.9768 -2.5838 
-16.3291 -3.8821 
-8.24815 -11.8849 
-17.3387 -2.17938 
-16.6362 -1.80496 
-17.1767 -0.660939 
-11.7577 -6.23753 
-17.2592 -2.47078 
-17.1459 -2.04563 
-17.3598 -1.89109 
-17.3132 -1.79063 
-14.9985 -8.75196 
-17.1415 -2.26644 
-17.3933 -2.04103 
-16.1815 -2.11965 
-14.9806 -6.95105 
-16.9494 -3.40146 
-17.0174 -3.04395 
-17.1442 -2.32877 
-16.9702 -0.147374 
-16.4224 -2.29409 
-16.6239 -3.26469 
-15.9856 -1.11444 
-15.6109 -0.86842 
-16.7476 -2.58303 
-16.8917 -4.41436 
-16.7386 -3.44726 
-16.2501 -2.16994 
-16.867 -3.7163 
-16.642 -3.11545 
-17.2072 -2.0721 
-17.1324 -2.58535 
-17.2363 -3.40136 
-17.0575 -3.75187 
-15.303 -0.21704 
-16.2085 -3.02333 
-11.5877 -2.78435 
-17.1239 -2.11563 
-16.8754 -2.59265 
-9.47928 -8.48463 
-16.3001 -1.77936 
-17.3151 -1.64714 
-16.2917 -2.43385 
-15.6052 -1.98775 
-12.3029 -13.0658 
-17.2159 -2.05978 
-16.2406 -0.210824 
-16.7506 -1.85846 
-9.88875 -11 
-16.5843 -1.88917 
-16.1044 -4.13632 
-17.2894 -1.27345 
-17.3865 -2.11867 
-12.9694 -5.64173 
-17.2876 -1.64964 
-14.7872 -3.15751 
-13.7789 -0.786301 
-17.3543 -2.7312 
-16.4822 -0.975574 
-16.3893 -2.31693 
-16.0437 -6.19556 
-17.4031 -2.55898 
-15.8822 -3.4911 
-17.3146 -1.69174 
-17.191 -1.79601 
-15.256 -0.136338 
-8.43887 -12.0981 
-17.4248 -2.03384 
-17.1194 -3.5706 
-17.0031 -2.51006 
-17.2562 -1.05351 
-15.7807 -1.26894 
-14.1148 -5.73332 
-15.9734 -5.25453 
-16.1741 -6.2261 
-15.1274 -5.85219 
-15.8926 -1.6003 
-13.495 -4.61433 
-16.8022 -3.51791 
-16.0765 -2.31284 
-15.2957 -4.5278 
-16.5331 -2.93134 
-14.2291 -4.50672 
-16.232 -4.39431 
-17.0101 0.219639 
-17.2803 -1.83858 
-17.2353 -2.15924 
-16.5118 -1.2206 
-17.0024 -2.68721 
-14.7454 -5.72963 
-17.1364 -0.769359 
-15.8185 -1.23654 
-17.3615 -1.86875 
-15.8034 -4.97383 
-17.3791 -2.35081 
-15.1625 -3.72805 
-16.5117 0.147748 
-16.4214 -2.58039 
-15.139 -5.19904 
-14.8941 -4.328 
-16.7454 -4.83328 
-17.2017 -1.49321 
-17.2238 -2.15078 
-17.2869 -1.88125 
-15.596 -0.746205 
-16.3163 -1.88557 
-15.4517 -0.444742 
-17.1192 -3.26481 
-17.2822 -2.24484 
-17.3669 -1.84286 
-17.0326 -0.0306972 
-16.5549 -4.2285 
-16.6262 0.546881 
-15.31 -2.51416 
-17.3688 -1.76086 
-15.9346 -1.73691 
-15.3232 -0.349959 
-16.1816 -2.46038 
-16.563 -3.61246 
-17.3897 -1.64749 
-15.4887 -0.424037 
-17.3245 -1.99181 
-14.589 -4.02313 
-17.3709 -1.92908 
-8.01869 -10.2764 
-16.9112 -2.52313 
-16.6389 -2.34546 
-17.4055 -1.70891 
-15.8058 -0.840197 
-14.3124 -6.65483 
-15.5829 -4.87882 
-15.5974 -5.03794 
-11.3081 -9.78818 
-13.3102 -8.3638 
-14.7576 -6.57156 
-13.9574 -6.21817 
-12.2846 -9.41328 
-15.3264 -4.49873 
-10.631 -11.2855 
-9.74406 -11.8999 
-11.4899 -10.3286 
-10.3179 -11.5108 
-10.3846 -10.099 
-13.5038 -6.64278 
-14.7535 -4.89548 
-9.73145 -11.1542 
-14.6888 -5.73005 
-16.8665 -3.03057 
-9.27351 -10.5399 
-16.8874 -3.01451 
-15.512 -3.45385 
-17.0064 -2.25589 
-15.601 -5.09791 
-17.037 -2.78028 
-15.2146 -6.11344 
-15.3753 -3.85616 
-10.826 -9.37156 
-13.8432 -6.51001 
-9.50623 -11.2914 
-16.3953 -4.65383 
-11.9211 -9.4395 
-12.5972 -8.92023 
-12.8068 -7.88779 
-11.9611 -8.79628 
-13.8203 -7.6483 
-12.136 -9.7526 
-11.4684 -9.69887 
-13.5014 -10.6473 
-14.0891 -6.85859 
-13.0165 -8.24709 
-17.1857 -3.2292 
-17.2078 -3.08609 
-15.2373 -4.23615 
-14.0191 -6.3402 
-16.0265 -4.89703 
-14.2618 -7.09498 
-13.5303 -6.0909 
-16.7143 -3.17445 
-11.1891 -13.6689 
-14.9728 -5.55955 
-12.9721 -7.53114 
-14.5161 -5.53037 
-10.9547 -9.70545 
-12.804 -8.13537 
-11.932 -9.98174 
-16.2226 -2.14479 
-16.1687 -2.30918 
-16.2425 -2.51258 
-16.8752 -2.69464 
-17.3379 -2.6094 
-16.7032 -2.90487 
-16.8391 -3.59919 
-16.6542 -2.98758 
-16.5688 -4.61721 
-16.5726 -3.17764 
-17.2949 -2.93403 
-17.3043 -3.22185 
-17.0186 -3.70909 
-15.9406 -2.05788 
-16.4859 -3.39628 
-16.0973 -2.18884 
-16.3341 -2.77849 
-16.5937 -2.37884 
-15.3703 -6.88592 
-17.3689 -2.44088 
-16.7563 -3.13449 
-16.7196 -4.66855 
-17.262 -2.9908 
-17.0824 -2.2455 
-16.9143 -2.56938 
-16.4773 -2.84452 
-17.0803 -3.04958 
-16.9485 -3.10502 
-15.8167 -5.14575 
-11.9627 -9.65472 
-13.4113 -6.24815 
-16.1505 -4.48969 
-16.8012 -3.38512 
-17.1526 -3.13207 
-17.0343 -2.80401 
-15.2329 -5.1015 
-12.7003 -6.59024 
-14.3202 -6.31062 
-17.0997 -3.93972 
-12.4049 -8.58665 
-16.6529 -4.30544 
-16.8221 -2.46789 
-17.3487 -2.4077 
-17.3759 -1.8777 
-16.8788 -2.14468 
-16.7134 -2.6797 
-17.0853 -2.03788 
-16.5831 -2.18785 
-17.3378 -2.091 
-17.3911 -1.89083 
-17.2403 -2.06888 
-15.686 -1.0713 
-15.8066 -1.77338 
-15.5272 -0.725017 
-15.4023 -0.393363 
-15.5981 -0.821698 
-15.502 -0.533138 
-15.98 -1.58032 
-15.2746 -0.362379 
-15.0051 0.153869 
-15.6371 -1.04678 
-15.6097 -0.975765 
-15.616 -0.965981 
-16.021 -1.71266 
-15.749 -1.41344 
-15.1987 -8.25686 
-15.9293 -6.94843 
-16.213 -6.39269 
-16.5415 -4.86474 
-15.0787 -8.61385 
-13.2905 -9.52145 
-14.8799 -8.77363 
-14.6166 -9.20713 
-16.928 -3.19112 
-15.7539 -6.57333 
-17.3138 -3.02745 
-16.7226 -5.05289 
-17.0673 -3.77335 
-16.8569 -3.98929 
-16.3465 -4.12178 
-16.5834 -3.52363 
-16.9986 -3.19574 
-16.9751 -2.87859 
-16.546 -3.54277 
-16.8955 -3.37355 
-16.1653 -3.49188 
-13.3562 -7.54951 
-15.4963 -3.82004 
-13.3808 -6.49387 
-13.1789 -7.5616 
-15.2395 -5.82146 
-16.3827 -5.14944 
-15.7147 -4.5929 
-16.5837 -3.25549 
-17.2819 -1.36273 
-17.177 -3.16334 
-17.2396 -3.05149 
-16.7601 -2.91318 
-17.3281 -1.96345 
-17.327 -2.38449 
-16.3507 -1.67433 
-17.251 -2.38101 
-13.9946 -7.34594 
-12.0778 -8.49094 
-10.3477 -10.4375 
-14.3231 -5.3657 
-11.5671 -9.32732 
-11.5521 -8.34478 
-13.0509 -7.66244 
-14.7009 -5.27682 
-11.1688 -9.73975 
-9.25135 -11.2325 
-11.905 -8.50384 
-12.3593 -9.80068 
-16.896 -2.91095 
-16.9859 -2.15983 
-16.1085 -5.78577 
-15.2658 -4.01148 
-7.91245 10.2663 
-15.2888 -5.66772 
-16.967 -2.8266 
-15.7499 -2.73615 
-15.6743 -3.16624 
-16.7736 -2.31424 
-17.3224 -1.22176 
-15.5241 -3.62469 
-10.3583 -7.33971 
-8.08254 -10.6078 
-8.01085 -12.1608 
-9.31155 -10.5268 
-8.19789 -10.6066 
-14.1532 -5.96642 
-12.4653 -7.42184 
-11.3851 -8.74659 
-7.70255 -12.3237 
-7.69076 -11.8879 
-14.6295 -7.5516 
-12.3557 -9.86701 
-11.7811 -10.7443 
-12.845 -9.2606 
-12.2387 -7.88378 
-8.45596 -12.1316 
-8.2655 -12.34 
-8.62509 -11.4653 
-9.37621 -11.4242 
-9.84804 -11.2253 
-8.4885 -12.3125 
-11.2919 -13.3338 
-11.381 -8.62251 
-17.3905 -2.20299 
-17.1967 -1.88913 
-17.3824 -2.2603 
-17.3735 -2.06946 
-17.2923 -2.113 
-16.8457 -3.25365 
-17.2292 -2.24592 
-16.2899 -3.79487 
-17.2918 -1.70612 
-17.3567 -1.57297 
-16.8843 -2.22331 
-17.3911 -1.63025 
-17.3958 -1.98015 
-16.452 -4.24396 
-16.9987 -3.30931 
-16.4172 -4.0024 
-16.8459 -3.89216 
-13.8789 -5.99154 
-14.1071 -5.37654 
-15.5003 -3.23784 
-16.278 -3.50128 
-16.7813 -3.74057 
-17.1447 -3.59021 
-15.5414 -5.63855 
-12.8116 -6.88481 
-16.0674 -4.99706 
-16.9904 -3.54042 
-16.9572 -3.59099 
-16.6918 -3.48864 
-13.0676 -7.94115 
-14.9032 -6.71315 
-9.51591 -11.0587 
-10.945 -10.406 
-11.908 -8.68448 
-13.6926 -5.95407 
-11.9898 -9.94148 
-8.98829 -11.5689 
-17.3426 -2.10519 
-17.1733 -1.81765 
-10.1737 -8.3594 
-8.9994 -10.405 
-12.0213 -6.21666 
-9.30916 -9.4629 
-11.4512 -6.35734 
-14.9663 -2.22721 
-8.24674 -10.0472 
-8.50357 -11.7265 
-8.08558 -11.89 
-17.3835 -2.25983 
-17.3123 -1.86005 
-17.2455 -2.91435 
-16.9336 -3.4866 
-17.3186 -2.59674 
-16.0838 -6.20346 
-17.3204 -2.43735 
-16.7846 -4.23899 
-17.3517 -2.36646 
-16.3843 -4.87512 
-16.4445 -3.76399 
-15.7514 -6.78504 
-12.442 -8.47761 
-12.479 -8.83143 
-8.7717 -11.4616 
-11.2531 -8.60933 
-11.2493 -8.34229 
-8.2164 -11.3843 
-11.0025 -8.66541 
-11.2261 -9.1564 
-7.85067 -11.4852 
-12.091 -6.96132 
-8.44862 -11.6632 
-8.01001 -11.4522 
-11.5254 -8.44727 
-14.135 -6.39077 
-11.5392 -10.0467 
-15.4663 -5.47918 
-11.5671 -9.69291 
-13.2144 -8.69989 
-8.63818 -11.3218 
-9.93992 -10.9178 
-8.5299 -11.7002 
-9.86112 -11.2437 
-15.1429 -5.48883 
-10.0293 -10.8162 
-15.7392 -1.32822 
-16.5768 -2.58071 
-17.2599 -2.27463 
-16.4288 -2.04688 
-16.0218 -1.99455 
-17.2963 -2.0574 
-17.3497 -2.32526 
-17.3819 -2.18136 
-16.9569 -2.59905 
-15.1252 -5.10725 
-17.4198 -2.07403 
-17.1507 -2.60485 
-17.3511 -2.23324 
-12.6915 -11.3256 
-10.3 -12.781 
-10.0926 -11.969 
-11.3995 -12.4529 
-10.5714 -11.525 
-12.3743 -11.534 
-11.3163 -12.2181 
-10.0609 -12.5665 
-10.9718 -12.5082 
-12.0973 -12.4125 
-11.2302 -12.5925 
-11.1339 -10.8914 
-11.5075 -12.7665 
-8.99342 -13.2875 
-8.81143 -13.2537 
-8.49861 -12.5084 
-9.33567 -11.4618 
-9.56183 -11.9254 
-9.89735 -12.9999 
-9.83679 -13.5912 
-8.97007 -12.9922 
-8.43167 -12.6455 
-8.84716 -12.8399 
-8.66508 -12.8231 
-9.00928 -13.5402 
-14.2914 -9.27602 
-12.1242 -10.2968 
-11.8749 -11.1248 
-13.9911 -7.23558 
-12.2935 -9.74751 
-15.4568 -6.63933 
-10.476 -12.9926 
-12.4818 -10.2903 
-14.6012 -6.28088 
-15.8352 -6.12772 
-11.657 -11.9824 
-10.8642 -11.3294 
-16.2492 -6.18932 
-15.7216 -7.1227 
-15.7152 -7.32658 
-15.8357 -6.42073 
-16.6793 -5.01451 
-16.7545 -5.05812 
-16.414 -5.89193 
-16.5662 -3.58241 
-15.6916 -7.11156 
-16.8187 -4.07658 
-10.3344 -10.6474 
-12.4143 -9.67569 
-10.6053 -11.1851 
-11.951 -8.13267 
-8.23983 -12.0418 
-12.6607 -7.96836 
-9.14058 -11.5848 
-11.6828 -9.15246 
-8.29008 -10.9058 
-8.06097 -10.9053 
-8.46554 -11.7133 
-10.7133 -10.9821 
-8.28739 -12.4486 
-10.6012 -10.8417 
-9.21288 -11.3024 
-7.99273 -11.9882 
-8.71334 -11.5773 
-9.33423 -11.1376 
-8.40562 -11.9935 
-8.27845 -12.1156 
-8.87837 -11.3828 
-8.07661 -12.1937 
-12.6769 -8.45254 
-13.6429 -8.69031 
-13.9348 -8.27307 
-10.0239 -11.4127 
-14.2564 -5.54077 
-16.9562 -4.09365 
-13.7509 -5.71513 
-14.7613 -6.22094 
-14.0238 -8.02367 
-15.9504 -4.14311 
-14.7944 -5.43492 
-12.9613 -7.39022 
-16.2935 -4.6221 
-15.8026 -4.23269 
-16.759 -3.06588 
-16.1762 -5.32289 
-15.8162 -6.01829 
-16.0831 -6.47122 
-16.0897 -5.36972 
-15.633 -6.98555 
-15.2811 -7.70381 
-16.2254 -3.15073 
-15.7206 -1.28053 
-16.1343 -3.20213 
-16.0364 -2.21565 
-15.8201 -1.57741 
-15.8301 -1.79387 
-16.6606 -4.05822 
-17.18 -3.08572 
-17.0264 -2.68845 
-16.7355 -3.96611 
-17.0963 -3.12868 
-16.9947 -3.2846 
-17.3371 -2.24754 
-17.1277 -3.40511 
-16.8189 -3.89617 
-16.5952 -2.81869 
-17.1224 -3.07253 
-17.3346 -2.64343 
-17.301 -2.34599 
-14.5224 -6.22807 
-15.9005 -4.45876 
-14.5924 -7.01171 
-14.2004 -7.86425 
-15.9078 -6.0988 
-14.9496 -5.42452 
-15.8951 -3.91328 
-12.094 -10.2162 
-16.9748 -3.08956 
-14.6245 -6.16867 
-14.0438 -7.13352 
-13.1007 -7.07111 
-13.3573 -8.79974 
-14.3659 -6.82742 
-8.97907 -11.212 
-8.30133 -11.1046 
-16.608 -3.76838 
-13.0233 -7.82551 
-14.0812 -6.01944 
-12.6501 -7.68051 
-8.42259 -11.3936 
-12.5743 -8.86332 
-12.7991 -7.64661 
-13.1636 -6.98267 
-8.51405 -11.2125 
-8.65069 -11.2926 
-10.287 -9.76243 
-8.66419 -11.3099 
-9.24682 -10.8699 
-8.20494 -11.318 
-8.12598 -11.4801 
-8.40921 -10.8912 
-9.00077 -11.021 
-8.50898 -11.2572 
-8.22939 -11.1427 
-8.11866 -11.2587 
-8.14653 -12.1798 
-7.86623 -12.2668 
-10.205 -9.70509 
-11.6911 -8.56281 
-8.58218 -11.7462 
-8.35611 -11.3596 
-11.8925 -12.0066 
-16.1812 -5.16565 
-14.9874 -7.94127 
-16.7157 -4.6561 
-16.8291 -3.34885 
-16.9243 -3.75114 
-15.9184 -5.71967 
-17.2429 -2.73246 
-16.9316 -3.23572 
-17.3311 -2.78869 
-17.2602 -3.10796 
-17.2752 -2.73467 
-15.9074 -6.80905 
-17.1515 -3.46233 
-8.47629 -11.7144 
-8.5961 -11.5244 
-8.24017 -11.9953 
-8.29042 -11.2194 
-8.223 -12.2033 
-8.22091 -11.7519 
-8.45539 -11.445 
-8.28531 -11.7929 
-16.0838 -1.33913 
-16.296 -2.34204 
-17.279 -1.42227 
-17.3347 -1.70187 
-16.8032 -2.87425 
-17.2634 -1.45725 
-17.37 -2.12327 
-17.3451 -1.9453 
-16.0799 -1.46263 
-16.7831 -2.18188 
-17.3847 -1.95392 
-17.3223 -2.2978 
-17.3228 -1.53675 
-16.6273 -2.87103 
-16.5937 -3.52617 
-16.6172 -3.00451 
-16.5604 -1.92965 
-16.3781 -2.73419 
-17.1804 -1.91916 
-16.5908 -2.46082 
-17.3595 -2.15189 
-17.4301 -1.81152 
-17.1744 -2.4926 
-16.2123 -1.99966 
-16.0158 -1.19736 
-17.3036 -2.41336 
-11.6693 -8.62821 
-17.0933 -3.94804 
-17.3099 -2.54614 
-11.5222 -10.7714 
-15.2032 -5.30904 
-15.8094 -4.20157 
-13.5362 -7.15689 
-16.9971 -2.81312 
-11.1025 -11.8228 
-16.5037 -3.5498 
-10.3141 -11.7828 
-12.7829 -8.65059 
-12.2566 -11.9633 
-14.9353 -7.08083 
-13.1748 -7.43831 
-8.37843 -12.1159 
-13.0542 -9.3374 
-14.0313 -6.11502 
-10.9813 -9.096 
-9.90708 -11.3302 
-8.02731 -12.2173 
-8.85645 -12.0158 
-11.2567 -9.78328 
-11.1345 -10.6932 
-11.0807 -9.93252 
-15.2712 -5.15014 
-9.5167 -10.7608 
-11.0541 -10.5978 
-14.4139 -5.2845 
-12.6942 -6.91977 
-8.66096 -10.4623 
-13.6508 -5.76097 
-13.8014 -4.5798 
-9.05234 -10.9401 
-8.7744 -10.6322 
-8.11211 -9.53011 
-8.60142 -10.7894 
-8.33049 -11.453 
-13.1204 -7.23731 
-12.8131 -7.68944 
-8.93485 -11.783 
-13.3256 -8.09529 
-14.3652 -6.62303 
-14.5161 -4.31769 
-13.7496 -6.33609 
-11.6317 -9.68054 
-9.90428 -10.9142 
-9.24466 -11.4714 
-12.0696 -7.47792 
-12.0863 -7.76117 
-14.7327 -4.85944 
-8.30765 -11.6168 
-7.91287 -11.2892 
-9.05979 -11.2617 
-15.437 -3.96214 
-13.7457 -6.40234 
-11.1862 -8.26596 
-7.9905 -10.9391 
-9.06886 -11.1647 
-10.6829 -9.45377 
-8.45975 -11.4267 
-17.1751 -3.46369 
-15.9036 -5.11136 
