0.549745 -19.0766 
-2.06561 -20.3098 
2.63155 -18.6803 
1.33653 -19.2044 
-0.920059 -19.8506 
-1.2598 -20.2485 
1.66878 -18.6238 
-1.30282 -20.2373 
-3.03083 -20.1704 
-1.13187 -20.2516 
-2.17768 -20.3827 
1.32727 -19.355 
-0.934319 -19.5771 
-0.911402 -20.0983 
-0.244143 -19.7934 
-1.14963 -20.246 
-1.51065 -20.0106 
-1.40406 -20.1248 
-1.72555 -20.3508 
-1.80592 -19.4288 
0.847331 -18.6884 
-0.443635 -19.7971 
5.3927 -17.5163 
1.63332 -19.101 
1.1444 -19.5306 
-1.24284 -20.2345 
-1.22704 -20.2347 
0.695539 -19.5569 
-0.605659 -19.1118 
-0.701276 -19.813 
-0.325582 -19.6437 
-1.09385 -20.2234 
-0.565561 -19.8542 
0.494238 -19.5056 
-3.62503 -19.3849 
5.12047 -17.8871 
0.391564 -19.769 
1.92156 -18.1673 
-1.15932 -19.2654 
8.31995 -16.4827 
3.17068 -18.4507 
2.2931 -18.2075 
-1.79635 -20.3568 
-0.849888 -20.1437 
-4.20299 -19.8221 
-0.702125 -20.1714 
-1.63262 -20.1429 
-3.39783 -20.2031 
-0.744285 -19.296 
-1.17855 -20.1911 
1.53206 -18.7795 
4.81153 -17.0395 
0.7992 -18.9482 
-1.26714 -20.0777 
-2.54176 -20.465 
-1.2207 -20.2414 
1.5423 -18.7662 
-1.08886 -20.1544 
-2.15859 -20.4838 
9.59242 -15.4389 
-2.59651 -20.4643 
-1.19274 -20.0466 
-2.35156 -20.3318 
-1.1718 -20.26 
-0.218302 -18.9311 
-0.36095 -19.5627 
2.85609 -15.7628 
4.04131 -16.8228 
-5.08928 -19.3747 
-1.45975 -20.2095 
-1.28259 -20.1632 
0.485608 -19.8427 
-0.151634 -19.1572 
3.14223 -18.8731 
6.5816 -16.7008 
6.74574 -16.9226 
-1.41738 -20.0145 
-1.20551 -20.206 
-0.967687 -19.0619 
-1.32955 -20.2367 
-1.357 -18.5717 
2.48445 -18.1729 
-2.40358 -20.2239 
-1.28589 -20.2757 
1.07438 -19.3618 
-1.57201 -20.3013 
-1.31209 -19.9428 
0.851792 -19.079 
-3.1423 -20.2798 
-1.42005 -18.9808 
-1.90471 -20.0828 
1.54364 -17.8874 
-2.57598 -20.3814 
-2.93832 -20.2327 
1.75529 -18.2862 
-1.3108 -20.1546 
-1.18921 -20.2394 
-2.14248 -20.294 
-1.36332 -20.2414 
0.474357 -18.9307 
-1.26947 -20.1703 
-1.47519 -19.9873 
3.55647 -18.2341 
-1.81882 -20.2329 
-1.10576 -19.8646 
-1.14118 -20.2465 
-2.96446 -19.9182 
-2.45889 -19.1634 
-0.241658 -19.5314 
-0.107891 -19.0927 
-1.21584 -20.2331 
-1.08012 -19.9955 
-1.75386 -19.0982 
-0.204977 -20.0354 
-2.10898 -20.3768 
-0.884034 -20.1861 
-0.57772 -20.0629 
-2.64361 -20.4102 
-1.44945 -20.434 
1.41649 -18.4133 
-1.64728 -20.3063 
-6.98039 -18.1985 
-2.25993 -20.3317 
0.828532 -19.2283 
-1.17467 -20.0682 
-0.912736 -20.0578 
-1.32722 -19.7265 
-1.66574 -20.1874 
0.655231 -19.1068 
-1.24501 -19.8735 
-0.472372 -19.7903 
2.68126 -18.034 
-0.14612 -19.9999 
-0.810792 -20.1716 
-1.33382 -20.0182 
-1.17893 -20.1723 
1.03677 -15.9124 
1.01758 -19.4946 
1.16046 -18.7898 
-1.57662 -20.0867 
1.51988 -18.8396 
-2.16087 -19.1076 
2.7696 -18.1797 
-2.54587 -20.1965 
-1.76999 -20.0073 
0.0356067 -19.6361 
1.74979 -18.9867 
0.0413179 -19.6213 
-1.47253 -19.8135 
1.31763 -19.0848 
-3.04354 -20.2847 
-1.03786 -20.092 
-3.26729 -20.1359 
2.99243 -18.6506 
1.76219 -18.727 
-0.916885 -20.1378 
-4.72983 -19.7025 
0.609377 -18.4494 
-1.15305 -20.2308 
-1.98505 -20.3465 
0.62894 -19.326 
-1.33001 -20.2578 
10.7776 -15.251 
1.39946 -19.4793 
2.5869 -18.6527 
2.80818 -17.9385 
0.51616 -18.9929 
0.20202 -19.6773 
-1.15926 -20.0631 
-1.0586 -20.1088 
-4.94589 -19.5517 
-1.22191 -20.254 
-1.52446 -20.1571 
-0.260435 -18.6447 
-1.11811 -20.066 
-0.509711 -19.9385 
-0.114566 -19.8582 
3.01307 -18.5866 
-2.59391 -20.3531 
-1.36682 -20.2223 
-0.0234102 -19.5708 
-4.82085 -19.5562 
-1.04044 -20.218 
-1.90723 -20.2242 
3.00489 -17.9976 
4.10553 -17.8492 
2.62907 -18.301 
6.76522 -16.2937 
-1.10881 -19.6883 
-1.6618 -20.1595 
-0.528506 -20.0784 
4.63984 -17.8681 
-0.27579 -19.9118 
0.982308 -18.3813 
-1.36816 -19.3073 
-0.425115 -19.1366 
-1.54169 -19.5291 
-1.24416 -20.2107 
-1.18714 -20.243 
-2.26392 -19.8134 
-0.345053 -19.4492 
-0.716781 -18.9717 
2.19016 -17.895 
-1.19841 -19.555 
-1.41978 -19.8714 
-0.465179 -20.0273 
-1.01692 -19.4834 
-1.30324 -20.1907 
-2.04195 -20.3866 
0.134063 -18.9647 
2.19768 -19.1268 
-2.19443 -20.4976 
-0.830913 -20.0073 
-0.824872 -19.7125 
-1.18355 -20.2451 
-1.92936 -20.4 
2.09748 -17.7933 
-2.18548 -19.7793 
-1.41199 -20.054 
-1.60901 -19.5884 
-2.23153 -20.3481 
-0.969522 -20.1851 
5.62949 -16.6405 
0.584091 -18.7007 
1.92793 -18.7104 
-9.94746 -17.0866 
-1.09995 -20.2359 
0.392046 -18.9318 
-1.75986 -18.8582 
-1.09394 -20.0513 
1.61099 -18.8787 
-1.32327 -19.9263 
4.51251 -17.4973 
1.08274 -18.4621 
-0.275467 -20.0069 
-0.917971 -20.0411 
-2.47181 -20.172 
-0.757193 -20.1513 
-7.20617 -18.8123 
-1.2068 -19.3033 
0.817409 -19.2343 
-1.01673 -20.4654 
-0.620322 -20.0894 
-1.23123 -20.2048 
-2.53466 -20.544 
-2.41377 -20.5231 
-1.99017 -20.1115 
10.907 -15.0863 
1.15452 -19.5987 
-1.09462 -20.2266 
-0.309411 -19.9266 
0.721872 -19.1533 
-1.98173 -20.2236 
-0.570284 -19.9923 
0.298253 -19.0865 
6.03214 -16.429 
1.4882 -18.5698 
-1.24491 -20.1688 
-4.96658 -19.6796 
-0.339657 -18.3426 
-0.0169394 -19.5784 
-1.10511 -20.2203 
1.56135 -18.3059 
1.4283 -18.4262 
3.3107 -18.6718 
0.144246 -19.0676 
-0.754693 -19.7582 
-0.38149 -19.4361 
1.5189 -18.9647 
-3.22562 -20.2074 
-0.290498 -18.3359 
1.15261 -18.9961 
-0.644383 -20.0287 
-1.2803 -20.0776 
-1.20421 -20.2312 
-1.15606 -20.2433 
5.70827 -16.9347 
-2.72681 -20.3843 
-1.05781 -20.2318 
-1.6871 -20.2699 
-0.766805 -20.0978 
0.677615 -19.2116 
-1.41466 -19.6918 
-2.68617 -20.4643 
3.76901 -17.9287 
1.84641 -18.8989 
1.70364 -18.5248 
-2.18712 -20.3538 
-1.25849 -20.2746 
-1.30301 -20.0558 
-1.212 -20.2563 
0.325661 -19.9189 
-2.8553 -20.1572 
-0.920422 -19.7918 
-1.20738 -20.2331 
-2.67526 -20.3929 
-3.76411 -19.6217 
-0.92725 -20.098 
-1.43562 -20.1814 
-3.38245 -20.1009 
-0.281702 -18.4624 
-1.08714 -20.1897 
4.47849 -17.6671 
-1.16758 -20.2423 
-0.813478 -20.1795 
-1.51547 -20.252 
-1.29504 -20.1919 
-2.56732 -20.471 
0.300458 -19.7964 
-1.25244 -20.1763 
-0.822537 -20.0654 
-0.63193 -19.5571 
-3.00049 -20.3061 
-0.831426 -20.173 
-0.981984 -19.6021 
-2.79944 -20.012 
-1.27729 -20.271 
1.65288 -18.6772 
-1.98339 -20.2754 
-1.22569 -20.248 
-1.56735 -20.2407 
-1.70254 -20.2355 
5.69125 -16.7777 
-1.3543 -20.1819 
1.04395 -19.477 
-1.14227 -20.2195 
-0.375348 -19.2397 
-1.30593 -20.1799 
-1.28195 -20.2045 
5.34528 -16.5109 
2.40624 -17.9704 
-0.552377 -18.7226 
-0.00851536 -19.2984 
-2.24559 -20.3466 
1.84145 -18.7571 
-1.97862 -20.6021 
-1.19411 -20.1817 
1.32095 -19.0712 
-0.4185 -20.1256 
-0.33269 -20.2568 
-1.02107 -20.14 
-1.21168 -20.2293 
1.45818 -18.8904 
-1.3004 -20.2729 
-1.27388 -19.9614 
-0.380848 -19.9236 
1.53122 -18.7538 
-1.27657 -19.9078 
5.23578 -17.692 
-0.860592 -20.1256 
1.33195 -18.6699 
-4.33956 -19.6887 
-0.0316186 -19.9874 
1.33795 -18.5513 
-1.34278 -19.9875 
-1.17868 -20.2582 
-1.25791 -20.1892 
1.70591 -18.0645 
-1.79743 -20.1929 
-1.62521 -20.143 
-2.09162 -20.2813 
5.19763 -17.3083 
-0.0111447 -19.4788 
-1.30099 -20.1753 
-0.668576 -20.1587 
-1.20893 -20.168 
6.16535 -16.7441 
-0.717675 -20.0431 
-1.20797 -20.2324 
-0.254309 -19.7049 
5.60341 -17.3146 
-1.24521 -20.2594 
3.36221 -17.9437 
0.95705 -18.4836 
4.56536 -17.6349 
10.3532 -15.1925 
2.03728 -18.9219 
-1.02808 -20.0422 
-1.93683 -20.3134 
4.8289 -17.3077 
2.66286 -18.8056 
-1.5828 -20.0087 
-1.33285 -20.2478 
-1.29088 -20.2377 
-3.7077 -20.0008 
-1.66079 -20.1588 
-0.183526 -19.9574 
1.84103 -18.2384 
3.19023 -18.0891 
-1.18961 -20.2506 
-2.30331 -20.2526 
-0.612073 -19.9128 
-1.39617 -19.2886 
-1.2167 -20.1421 
2.28507 -18.9589 
12.1431 -14.7329 
-1.28317 -20.0338 
-4.24343 -19.5799 
-2.63421 -20.4787 
-2.80136 -20.3285 
1.94571 -18.1604 
-0.684277 -19.8427 
-1.14503 -20.1037 
1.91355 -18.3103 
4.45814 -17.7965 
-1.33476 -20.0051 
0.0609066 -19.4409 
-1.07679 -19.349 
-2.58459 -20.2407 
-4.45208 -19.7158 
-2.0169 -20.3221 
-2.67322 -20.3347 
-1.42006 -20.237 
-1.30078 -20.2623 
13.4917 -14.0467 
-1.34331 -20.1624 
-1.38916 -20.1301 
5.18301 -17.792 
2.23554 -18.218 
-1.1807 -20.2644 
-1.11886 -20.1902 
-1.19685 -20.2606 
-1.14291 -20.1476 
-1.17953 -20.0851 
-0.760027 -19.7129 
-1.29793 -20.1001 
-1.25256 -20.2085 
1.69675 -18.6188 
-2.89394 -20.1436 
0.226866 -19.5764 
-1.22069 -20.2464 
6.23217 -16.9146 
-1.10749 -20.2163 
-1.4406 -19.3345 
-1.55375 -20.2777 
0.0927916 -19.4367 
0.568975 -19.6229 
0.566615 -19.3832 
-1.69904 -20.1756 
-0.146364 -19.7463 
4.00968 -17.8814 
-1.76154 -20.037 
0.0648197 -19.2926 
4.85017 -17.0893 
-1.21883 -20.1886 
1.80443 -18.1471 
2.08058 -18.6317 
-2.3567 -20.5142 
-2.0904 -20.4657 
-4.54928 -18.9279 
-2.09446 -20.3525 
-0.745823 -20.1957 
1.24085 -18.6639 
-1.4646 -19.9426 
-1.34249 -20.0702 
-3.81261 -19.922 
-1.35973 -20.1587 
0.584075 -19.4574 
0.0315798 -19.7873 
-0.352305 -19.9495 
0.807497 -19.2357 
-1.27099 -20.1339 
-0.980082 -20.04 
1.39053 -18.5191 
-4.33853 -19.8734 
-1.24945 -20.2227 
6.39423 -16.6837 
-0.166028 -19.9784 
-1.28162 -19.845 
2.47958 -17.4119 
1.73054 -18.9038 
1.37602 -19.3506 
-2.44446 -19.7426 
7.47518 -16.1518 
-1.59042 -20.4046 
-4.1837 -19.8617 
-1.20076 -20.2522 
-1.72824 -20.2752 
3.15271 -18.3031 
-1.10187 -18.7161 
1.65298 -18.7795 
-1.5118 -20.2759 
-2.92995 -20.3296 
-1.1967 -19.739 
-0.879469 -20.1265 
-1.51375 -19.9441 
-1.81768 -20.5998 
2.48215 -18.297 
0.594799 -19.5664 
-2.22692 -20.0401 
-1.46764 -20.4129 
-0.785319 -18.0988 
-0.454958 -20.3229 
-1.58193 -20.15 
-0.592132 -19.6894 
-0.719247 -20.1181 
-1.16812 -19.901 
-1.21403 -20.2709 
-1.7509 -20.054 
-0.337031 -19.2913 
-0.718427 -19.5918 
-0.753697 -20.1158 
-0.432735 -19.9423 
0.852577 -19.6136 
4.20568 -17.2451 
9.71838 -15.8552 
2.24929 -18.7571 
-1.484 -19.0319 
-1.26732 -20.0183 
0.262196 -17.2782 
-2.97111 -19.9658 
-1.10543 -20.0815 
-2.68998 -20.1222 
-0.985374 -19.1209 
-1.59087 -20.307 
3.91564 -17.6712 
-0.900259 -20.2472 
-0.385925 -19.8026 
-1.38739 -20.2822 
-3.60872 -19.4782 
0.0893842 -18.9232 
-0.224087 -19.5235 
-0.271039 -19.6913 
2.72186 -18.7969 
-0.333307 -19.5657 
3.11416 -17.5971 
-0.472483 -19.5797 
-0.195015 -19.5926 
10.6338 -15.2856 
-1.08491 -20.164 
-1.92812 -20.3079 
-0.850363 -20.0689 
-0.962091 -20.1648 
-1.26056 -20.0797 
-1.19514 -20.4584 
-2.08333 -20.6492 
-2.61504 -20.5104 
-1.60313 -20.3432 
-1.9386 -20.3611 
-2.27415 -20.5531 
-1.20168 -20.1821 
-1.78684 -20.4923 
-1.61421 -20.3679 
-1.42752 -20.4632 
-0.632188 -20.0683 
0.965292 -18.5187 
-1.4361 -20.1391 
-1.02399 -20.0952 
0.564809 -19.0762 
-0.707932 -19.8892 
-0.156166 -18.4864 
-1.37947 -20.4469 
-0.691251 -19.6447 
-0.647234 -20.0951 
-1.13857 -20.1251 
-1.39804 -20.2252 
-2.73065 -20.4226 
-2.8751 -20.3689 
-4.02179 -19.9699 
-3.95216 -19.9359 
-2.85027 -20.4036 
-2.6255 -20.3682 
-2.64384 -20.3951 
-3.26369 -20.2509 
-1.3774 -20.2573 
-3.55421 -20.1294 
-1.63749 -20.0848 
-1.02689 -20.0393 
-1.41737 -20.0168 
-1.7754 -20.1663 
-2.06537 -20.35 
-1.55324 -20.1833 
-1.41661 -19.9694 
-1.07027 -20.1966 
-1.19607 -20.251 
-1.02744 -20.1589 
-1.14027 -20.2395 
3.60143 -18.3828 
3.06901 -18.0689 
0.946761 -19.1466 
1.39228 -18.7783 
-0.746037 -19.842 
-1.13372 -20.2329 
-0.512944 -19.7682 
-1.36768 -20.043 
-0.848625 -20.1097 
-1.25129 -20.2274 
-0.989616 -19.9006 
-0.853724 -20.0632 
-1.16169 -20.2029 
-1.17494 -20.2428 
-1.04299 -20.0959 
-1.19342 -20.2524 
-1.25633 -20.233 
-1.07669 -20.2077 
-1.16515 -20.2461 
-1.20476 -20.0631 
-1.16535 -20.2139 
-1.70499 -20.1474 
-1.2196 -20.138 
-1.34364 -20.2224 
-2.8621 -20.1898 
-2.77809 -20.3624 
-2.59064 -20.3856 
-1.26523 -20.1197 
-1.30055 -19.8878 
-2.17779 -20.2866 
-1.17107 -20.2294 
-2.67148 -20.438 
-1.27346 -20.1892 
-0.843889 -20.0894 
-1.79792 -20.5979 
-1.19976 -20.2513 
-0.763073 -19.7263 
0.159269 -19.6079 
-1.3503 -20.2863 
0.390912 -19.5834 
-1.15141 -20.1133 
1.79151 -19.299 
0.751425 -19.4945 
-0.889987 -20.1253 
-1.26404 -20.1396 
-0.364575 -19.5913 
-1.15826 -20.184 
-0.988067 -19.8019 
2.57013 -18.6525 
0.711398 -19.0229 
2.57789 -18.5855 
-0.60786 -19.3764 
-1.05417 -20.1604 
1.31917 -18.7964 
0.431712 -19.6759 
2.6189 -18.6216 
-1.38773 -19.8917 
-0.996975 -20.1719 
-1.026 -20.0487 
-1.17873 -20.2639 
-0.736139 -19.9522 
-0.807745 -20.0906 
2.52371 -18.5758 
-0.722138 -19.7371 
-0.878727 -20.0304 
-0.874918 -20.1586 
-0.965128 -19.9985 
0.121908 -19.6579 
1.16557 -19.212 
-1.44294 -20.2124 
-1.50906 -20.175 
-1.92879 -20.2462 
-1.60071 -20.1474 
-2.51227 -20.3498 
-1.22743 -20.2756 
-1.90079 -20.3499 
-2.70852 -20.4036 
-2.94407 -20.3597 
-1.91 -20.1429 
-1.52189 -20.3393 
-2.42083 -20.372 
-4.65704 -19.6669 
-2.38895 -20.4569 
-1.23364 -20.1865 
-1.37527 -20.2739 
-1.71331 -20.28 
-2.68044 -20.3763 
-1.26929 -20.2161 
-3.20353 -20.2877 
-1.44481 -20.2894 
-2.41593 -20.4313 
-2.27405 -20.3801 
-2.48446 -20.4383 
0.657121 -18.938 
-2.40463 -20.4529 
-2.61659 -20.4125 
-2.75212 -20.4373 
-3.55941 -20.0643 
-2.74466 -20.429 
-2.8419 -20.413 
-2.73532 -20.4494 
-0.259737 -19.2736 
-3.30621 -20.172 
-2.30365 -20.5022 
-1.40281 -20.2316 
-2.76875 -20.4225 
-1.25525 -20.2605 
-2.38872 -20.0226 
-1.21218 -20.2251 
-0.49234 -19.648 
-2.64717 -19.7128 
-0.917098 -19.673 
-2.35716 -20.3681 
-2.83743 -19.4875 
-0.928943 -20.0851 
-1.20909 -20.1891 
-1.79503 -20.2891 
-2.01676 -20.1712 
-1.50108 -20.257 
-2.24197 -20.32 
-1.76442 -20.3929 
-2.57632 -20.4917 
-0.712635 -20.0364 
-5.05129 -19.5007 
-1.20042 -20.2636 
-2.06852 -20.4025 
-0.0425684 -19.4977 
-0.902923 -20.0868 
-0.77311 -20.1876 
-1.5778 -20.3037 
-1.86013 -20.3725 
1.02559 -17.9357 
-1.91724 -20.6116 
-1.35785 -20.2871 
3.13687 -18.0563 
5.38112 -17.2953 
2.05754 -18.4431 
0.782997 -18.6015 
1.82714 -18.3354 
4.7348 -17.701 
4.07396 -17.4266 
4.15195 -17.3843 
5.14628 -17.524 
3.98311 -18.1647 
-0.180082 -19.6492 
4.75762 -17.5464 
3.41709 -17.6797 
-1.0731 -20.2318 
-1.20908 -20.2729 
-2.56666 -20.4121 
-2.85385 -20.3692 
-3.02255 -20.2761 
-2.06174 -20.4288 
-2.00138 -20.3173 
-2.71332 -20.4209 
-2.55087 -20.3834 
-2.26357 -20.4182 
-2.22028 -20.5048 
-2.03856 -20.3956 
-0.925362 -20.1624 
0.994144 -19.3379 
-1.2347 -20.146 
-1.12347 -20.2239 
-0.737647 -20.1083 
-0.443276 -20.126 
-1.15433 -20.2422 
0.697259 -19.6037 
-1.30844 -20.2699 
-1.22433 -20.2144 
-1.20866 -20.2638 
-1.32174 -20.2554 
-1.21029 -20.25 
-2.9071 -20.342 
-3.23355 -20.19 
-2.11655 -20.5566 
-1.91277 -20.3752 
-2.04236 -20.5755 
-2.34066 -20.4517 
-3.03995 -20.166 
-2.57935 -20.4433 
-4.62047 -18.8469 
-2.50879 -20.4381 
-1.1345 -20.0427 
-1.26616 -20.1527 
-1.15316 -20.2562 
-1.3363 -20.2352 
-1.18695 -20.2683 
-1.22897 -20.2237 
-1.18311 -20.2557 
-0.973852 -20.1636 
-0.484702 -19.9532 
-1.01578 -20.164 
-1.13061 -20.2137 
-1.10671 -20.2098 
-1.14791 -20.2489 
-2.29004 -20.3785 
-3.83474 -19.9863 
-4.09382 -19.7946 
-3.6528 -19.7568 
-2.3921 -20.3455 
-1.92296 -20.5619 
-2.16133 -20.4625 
-1.6158 -20.1914 
-1.50436 -20.2996 
-2.67705 -20.433 
-0.749258 -19.7131 
-1.18613 -20.1157 
-1.00853 -20.2175 
-1.20842 -20.2451 
-0.945668 -20.0934 
-0.881036 -20.1244 
-1.19218 -20.2676 
-0.845433 -20.0288 
-1.50755 -20.5743 
-0.888359 -20.1902 
-0.800587 -20.195 
-1.07213 -20.2386 
-2.50879 -20.0112 
-0.402256 -19.31 
-1.53301 -20.2907 
-3.2323 -20.2612 
-3.48903 -19.5548 
-2.99602 -20.3597 
-3.867 -19.9201 
-2.03944 -20.1472 
-4.80671 -19.6163 
-2.35124 -19.9704 
-2.06959 -20.3376 
-4.03766 -19.9786 
-2.07513 -20.3662 
-1.34665 -20.2866 
-2.31651 -20.3756 
-2.76499 -20.3526 
-2.17734 -20.4304 
-1.19571 -20.2634 
-1.27285 -20.2724 
-1.22635 -20.2677 
-1.93681 -20.3839 
-1.7774 -20.354 
-1.91481 -20.3854 
-1.90496 -20.3764 
-2.38291 -20.5927 
-2.31766 -20.4775 
-1.84334 -20.5756 
-1.80373 -20.5794 
-1.86228 -20.361 
-2.00707 -20.4108 
-2.19221 -20.6247 
-2.09577 -20.6325 
-1.66668 -20.3791 
-1.59149 -20.3258 
-2.39849 -20.5557 
-1.89484 -20.6248 
-1.21195 -20.2571 
-1.13243 -20.2228 
-1.12485 -20.2072 
-1.96279 -20.4277 
-1.3487 -20.2917 
-2.27709 -20.5321 
-1.64159 -20.2787 
-1.65709 -20.3108 
-1.88492 -20.3708 
4.87715 -18.0083 
2.69659 -18.8541 
2.74124 -18.7501 
3.07555 -18.3815 
2.54249 -19.0592 
0.542557 -19.5944 
-1.09691 -20.2329 
-0.617212 -19.9729 
-1.17528 -20.3303 
-1.46799 -20.289 
-1.5087 -20.2936 
-1.23568 -20.2611 
-1.5861 -20.1847 
3.40728 -17.2058 
0.0196128 -19.8418 
-1.79869 -20.425 
-1.39889 -19.8214 
-2.39768 -20.4474 
-1.24669 -20.2277 
-2.12333 -20.502 
-2.01637 -20.5843 
-1.83539 -20.4837 
0.18475 -19.91 
-1.98641 -20.3715 
-1.99064 -20.5635 
1.13628 -19.3827 
-1.64831 -20.5581 
-4.00823 -19.6829 
-1.46303 -20.2791 
-4.22864 -19.6502 
-1.57264 -20.309 
-1.16846 -20.4236 
-1.79811 -20.5941 
-2.82261 -20.389 
-0.0903497 -19.9199 
-2.03673 -20.5993 
-1.33769 -20.2953 
-2.74414 -20.3879 
-2.09632 -20.5553 
-1.54394 -19.7933 
-1.24615 -20.2306 
-1.19217 -20.1869 
-1.28506 -20.1356 
0.619948 -19.1535 
1.6129 -19.1374 
-0.966519 -20.1786 
2.51996 -18.8008 
1.82264 -18.9971 
-4.71849 -19.7139 
-1.20946 -20.0279 
-2.73161 -20.3609 
-1.3189 -20.2676 
-5.11037 -19.2594 
-2.78513 -20.3296 
-1.24128 -20.2459 
-2.99322 -20.0571 
-1.81286 -20.1232 
-1.73599 -20.1685 
-2.76121 -20.4356 
-2.20348 -20.182 
-1.26933 -20.2215 
-1.89919 -20.1504 
-1.18161 -20.2627 
-1.16422 -20.2502 
-2.67911 -20.4014 
-1.46565 -19.9483 
-1.63859 -20.3665 
-1.2714 -20.2669 
-1.1682 -20.2228 
-0.856603 -20.1704 
-1.29966 -20.0962 
-2.66559 -20.4439 
-1.25098 -20.2673 
-1.20521 -20.2089 
-2.37107 -20.3957 
-1.03288 -20.1956 
-2.73656 -20.3968 
-2.98928 -20.2635 
-2.239 -20.3656 
-3.34377 -20.1516 
-2.77106 -20.3766 
-2.46367 -20.2985 
-4.8898 -19.2684 
-1.63675 -20.2802 
-2.48218 -20.4056 
-4.75297 -19.285 
-2.52111 -20.3999 
-4.04302 -19.9403 
-2.42695 -20.4091 
-2.66995 -20.4533 
-2.71484 -20.3441 
-2.81613 -20.0123 
-3.91184 -19.7945 
-2.96743 -20.2996 
-0.790445 -19.9992 
-1.1324 -20.2385 
-1.67391 -20.3826 
-1.21139 -20.2526 
-1.34865 -19.4285 
-1.15844 -20.2543 
-0.926919 -20.1645 
-0.853225 -19.6876 
-0.163304 -19.3541 
1.40902 -19.2289 
0.569693 -19.5402 
-1.1777 -20.2551 
-0.38331 -19.3794 
-1.21062 -20.1803 
-1.28517 -20.018 
-0.77191 -19.2291 
-1.03141 -19.9616 
0.0547103 -19.6437 
-1.0982 -20.0377 
4.06812 -18.2362 
-1.14896 -20.2549 
-1.15298 -20.2449 
-1.18517 -20.2634 
-1.13269 -20.2491 
-1.41023 -20.3168 
-1.11226 -20.2437 
-1.13379 -20.2427 
-1.31644 -20.2869 
-1.53507 -20.0512 
-1.16391 -20.1666 
-0.814683 -20.0536 
-1.29222 -20.1353 
-1.09011 -20.0441 
-1.20739 -20.1569 
-3.24812 -19.6795 
-0.838497 -20.1046 
-2.81214 -20.3793 
-1.64303 -20.2964 
-2.62664 -20.4128 
-1.86745 -20.3625 
-3.94787 -20.0034 
-4.8752 -19.663 
-1.52569 -20.2889 
1.92601 -17.5507 
2.59567 -18.7441 
-3.29933 -20.0518 
-2.93203 -20.1808 
-1.63332 -20.3692 
-1.3237 -20.2609 
-2.8535 -20.3486 
1.817 -18.9364 
-1.24219 -20.2548 
-1.58375 -20.3057 
-1.3928 -20.1672 
-4.69441 -19.5545 
-1.44562 -20.2864 
-1.16769 -20.1746 
-1.16037 -20.2439 
-2.76392 -20.4222 
2.00971 -18.6172 
-2.50282 -20.4592 
-0.748029 -20.1604 
-1.27354 -20.3015 
-1.38231 -20.2741 
-1.17881 -20.0149 
-1.72702 -20.6052 
-1.45939 -20.186 
-0.505133 -20.1524 
4.61717 -17.2723 
-0.383553 -20.0792 
-1.25104 -20.283 
-5.11438 -19.2016 
-5.16999 -19.1366 
-5.31715 -19.4338 
-6.23378 -18.6317 
-6.96473 -17.7456 
-8.78314 -17.1848 
-4.03931 -19.8508 
-0.84972 -20.024 
1.10797 -18.8809 
-0.874933 -20.1303 
0.0967079 -19.7152 
1.1353 -18.9264 
-0.561793 -19.3145 
-0.555106 -19.1258 
-0.985991 -18.5025 
-1.34331 -20.282 
1.25032 -18.2637 
0.557961 -19.1019 
-0.325917 -19.9255 
-5.86456 -18.8986 
-2.5306 -20.515 
-3.68495 -20.0057 
-4.44827 -19.5392 
-2.4804 -20.2473 
-3.53854 -19.8902 
-2.8463 -19.9146 
-0.286509 -19.7268 
-1.24286 -20.1252 
