-10.4581 -14.4538 
-7.32636 -15.5387 
-11.8353 -13.197 
-10.7091 -12.9441 
-9.80593 -13.6393 
-7.97857 -15.7331 
-9.9016 -13.3219 
-7.3631 -15.5622 
-7.09768 -15.6425 
-8.40763 -15.2626 
-7.06734 -15.7034 
-11.0423 -13.1231 
-7.82133 -15.8126 
-10.6333 -13.6295 
-10.8029 -13.9928 
-9.27963 -14.6794 
-7.62766 -15.259 
-9.94751 -14.6305 
-9.31983 -15.3666 
-7.40726 -15.3512 
-10.5479 -13.8355 
-10.4296 -12.9769 
-12.2143 -12.2659 
-10.7953 -12.937 
-11.1407 -13.5283 
-7.6222 -15.3114 
-9.10479 -14.3978 
-9.92371 -14.0822 
-10.353 -14.085 
-9.39772 -15.2172 
-10.8967 -13.3617 
-8.39998 -14.7962 
-10.0704 -13.4173 
-10.938 -13.4068 
-7.24908 -17.3334 
-11.3068 -12.5296 
-10.5498 -13.493 
-10.2089 -13.501 
-9.4636 -14.7921 
-11.7549 -12.4215 
-10.818 -13.7724 
-10.7504 -12.7837 
-7.91212 -15.7618 
-9.98394 -13.6569 
-7.19529 -15.7774 
-9.95116 -13.9235 
-7.65541 -15.3698 
-7.30727 -15.3281 
-10.4947 -13.9304 
-8.35046 -14.8379 
-10.9851 -13.1528 
-11.2427 -12.9306 
-9.96011 -13.6019 
-7.6938 -14.6254 
-7.38178 -15.6364 
-9.21607 -15.3721 
-10.7067 -13.5338 
-10.3775 -14.1349 
-7.42349 -15.4633 
-12.765 -10.3767 
-7.28767 -15.6236 
-8.08564 -14.7687 
-7.56956 -15.3281 
-10.217 -14.2417 
-9.40639 -13.9838 
-10.483 -13.8397 
-9.21308 -12.6351 
-9.95381 -13.1768 
-7.13069 -15.7563 
-9.60449 -15.1306 
-8.14901 -14.8996 
-10.5692 -13.2316 
-10.564 -13.9129 
-11.6234 -13.0246 
-11.7551 -12.5803 
-11.9647 -12.7838 
-7.73679 -14.699 
-9.45856 -14.7657 
-8.7925 -14.2419 
-9.13 -14.8267 
-8.00448 -14.3622 
-10.3635 -13.3524 
-7.7063 -15.7735 
-8.03798 -15.2956 
-11.1223 -13.5464 
-7.41338 -15.3014 
-10.2612 -13.9627 
-10.7642 -13.6289 
-7.67085 -15.6927 
-7.52892 -14.5477 
-6.95903 -15.3156 
-9.96063 -13.8408 
-7.19371 -15.822 
-7.23149 -15.4518 
-9.5491 -13.8719 
-7.90722 -15.4173 
-8.36559 -14.8018 
-7.2588 -15.7844 
-7.35545 -15.5622 
-10.316 -13.9434 
-10.0438 -14.1912 
-10.2183 -14.1913 
-11.3396 -12.7769 
-8.45193 -14.8392 
-8.97329 -14.4447 
-8.49158 -15.4581 
-7.2675 -18.2902 
-9.22181 -15.8913 
-10.3411 -14.609 
-9.51495 -13.9424 
-10.4216 -14.696 
-10.3699 -13.9507 
-7.59125 -14.5868 
-10.9743 -13.8346 
-7.95083 -15.5538 
-8.98694 -14.0657 
-9.25316 -13.9382 
-7.13584 -15.8727 
-10.6279 -13.4002 
-9.74556 -13.8904 
-9.14019 -14.8178 
-7.27599 -15.8783 
-7.32902 -15.8514 
-10.5081 -13.4386 
-9.91043 -13.8256 
-10.3426 -14.1278 
-9.26795 -13.9873 
-7.26449 -15.8866 
-10.7114 -12.2727 
-9.84553 -14.1186 
-10.1792 -14.339 
-10.2262 -13.7405 
-10.0878 -13.6557 
-8.23532 -14.6234 
-7.39046 -15.073 
-10.0458 -13.7952 
-10.5927 -11.0427 
-11.0048 -12.727 
-10.9234 -13.8838 
-9.15806 -14.7065 
-10.4053 -14.2824 
-6.82702 -17.7301 
-11.7055 -12.4978 
-7.41698 -15.3082 
-7.9593 -16.0099 
-10.8071 -13.5355 
-10.8559 -13.622 
-10.3143 -14.5802 
-9.80206 -13.9907 
-10.874 -12.942 
-7.15682 -15.5449 
-8.58561 -13.8332 
-7.84701 -15.4249 
-12.3144 -12.0879 
-10.5371 -13.4675 
-9.88712 -13.8258 
-7.14311 -15.5779 
-9.63539 -14.2371 
-7.65236 -15.3675 
-8.83878 -15.9117 
-10.8613 -13.6015 
-7.78342 -15.1238 
-12.7618 -10.6319 
-11.0953 -13.7504 
-11.0186 -12.4634 
-10.1162 -13.5532 
-9.57556 -14.7011 
-10.9965 -14.1588 
-10.4979 -14.2417 
-10.2601 -13.6431 
-7.12279 -15.8933 
-9.93973 -14.5003 
-7.36412 -15.7688 
-8.67881 -14.3051 
-10.4443 -14.0771 
-10.2827 -13.2498 
-11.1804 -13.7463 
-10.808 -13.9073 
-7.11215 -15.6416 
-7.45911 -15.4989 
-10.5339 -14.6294 
-8.50427 -16.1182 
-10.7145 -13.9972 
-7.07708 -16.0186 
-10.8275 -13.1706 
-11.3501 -13.1085 
-10.6463 -13.6924 
-11.4876 -12.6737 
-9.48597 -15.1319 
-8.35406 -16.0529 
-10.849 -13.8942 
-12.0397 -12.1519 
-9.77624 -14.0811 
-10.4845 -13.2054 
-9.27325 -14.2315 
-9.86858 -14.3604 
-8.50602 -15.5676 
-8.88449 -14.8733 
-8.18669 -15.1043 
-9.64121 -15.549 
-9.82853 -13.9998 
-9.04994 -14.3107 
-9.57865 -13.6267 
-8.12258 -14.3614 
-9.90188 -13.9625 
-11.0359 -14.042 
-10.4451 -14.0376 
-10.1868 -14.5006 
-7.3227 -15.6898 
-10.4424 -13.9199 
-11.3998 -12.727 
-7.44002 -15.4389 
-10.4466 -13.7939 
-10.3145 -14.0934 
-10.1438 -14.2558 
-7.66367 -15.1791 
-10.7197 -12.9992 
-7.99857 -15.5931 
-10.2972 -14.1343 
-9.54357 -15.0771 
-7.20929 -15.8696 
-9.93373 -14.7556 
-11.0441 -12.6608 
-9.19187 -14.315 
-10.8884 -13.5943 
-3.72826 -17.4134 
-10.2099 -13.7007 
-9.844 -14.0776 
-7.62813 -14.8688 
-10.3541 -13.6533 
-10.9165 -13.5194 
-9.98647 -13.5577 
-10.309 -12.9969 
-9.34511 -13.5704 
-10.5426 -13.2424 
-10.6437 -13.7706 
-7.51011 -15.3094 
-10.2607 -13.6347 
-3.42352 -17.4253 
-8.82754 -14.446 
-11.2066 -13.4 
-9.7132 -14.4828 
-10.9764 -13.6841 
-9.83368 -14.4402 
-7.87736 -15.7799 
-7.19044 -15.5389 
-7.44134 -15.5241 
-13.3387 -10.374 
-11.5682 -12.9691 
-9.71476 -14.8595 
-10.8594 -13.7182 
-10.3191 -13.8114 
-7.43733 -15.2533 
-10.5704 -14.0006 
-9.59829 -13.775 
-10.6585 -12.0061 
-10.1458 -13.7956 
-8.26368 -14.5525 
-7.78557 -16.1427 
-8.59058 -13.9239 
-9.61958 -12.9492 
-10.4372 -14.4976 
-10.7221 -13.3652 
-10.7517 -13.3739 
-11.6673 -13.2172 
-9.05799 -13.6985 
-9.81223 -14.9939 
-10.6707 -13.8489 
-10.6507 -13.8178 
-8.29831 -15.8252 
-8.57089 -14.2423 
-10.7403 -13.8091 
-10.157 -15.0274 
-10.0746 -13.926 
-8.80296 -14.9133 
-9.81103 -14.0836 
-11.4147 -11.0024 
-7.17237 -15.8317 
-8.72911 -14.5649 
-7.74903 -16.0064 
-9.93976 -13.6621 
-10.8206 -13.6067 
-8.07256 -14.449 
-7.18332 -15.6113 
-11.4552 -13.0768 
-11 -12.6701 
-11.0125 -13.3705 
-7.54257 -15.9339 
-8.83645 -14.6088 
-10.0046 -13.9223 
-10.0333 -14.2657 
-10.8392 -12.4517 
-7.22854 -15.8516 
-10.2217 -13.3277 
-8.89508 -15.1456 
-7.11384 -15.6618 
-7.2592 -16.7122 
-10.3345 -13.9272 
-10.0598 -14.6638 
-7.90776 -15.4667 
-8.94855 -14.2931 
-8.70078 -14.2953 
-10.8832 -12.4086 
-9.88741 -14.606 
-10.2874 -13.7028 
-7.22593 -15.7569 
-7.58476 -15.2731 
-7.23931 -15.6482 
-10.2222 -14.0565 
-10.5371 -13.3692 
-10.8014 -13.6148 
-9.80467 -15.0984 
-7.14456 -15.6696 
-9.98904 -14.3115 
-9.92111 -14.2954 
-6.98886 -15.3747 
-10.0415 -14.6789 
-9.93535 -13.977 
-8.33881 -15.6739 
-9.51301 -14.6776 
-9.41077 -14.6225 
-7.79445 -15.0104 
-10.1426 -13.1205 
-8.91114 -14.5784 
-10.57 -14.5441 
-8.47129 -14.5954 
-9.76847 -14.5279 
-10.2223 -14.5146 
-8.00194 -15.2604 
-11.1638 -12.2042 
-10.5396 -13.5553 
-9.11269 -14.7085 
-10.4598 -14.4366 
-7.30956 -15.7617 
-10.5538 -12.9405 
-8.03953 -15.3174 
-9.57033 -14.1539 
-10.5331 -14.3405 
-10.3971 -13.783 
-9.80274 -13.9394 
-10.386 -14.2949 
-8.61133 -14.9012 
-10.8209 -14.0078 
-9.84835 -14.7913 
-10.021 -13.9401 
-10.5904 -13.6513 
-11.2738 -13.2604 
-9.54576 -14.095 
-11.0355 -13.5305 
-8.73406 -13.9074 
-10.7285 -13.8612 
-6.04725 -17.9599 
-11.0228 -13.2282 
-10.7595 -13.2226 
-9.03976 -14.2249 
-9.47835 -14.5673 
-8.15877 -14.9747 
-7.4873 -16.811 
-7.22488 -15.7692 
-7.21477 -15.8091 
-7.12641 -15.7429 
-11.2757 -11.872 
-11.1027 -12.9022 
-7.51662 -15.2824 
-8.95646 -14.3454 
-9.43414 -14.4105 
-10.8469 -13.8966 
-10.6122 -14.2815 
-7.4368 -15.4393 
-10.6675 -14.0606 
-11.8459 -12.8297 
-10.3128 -14.5755 
-10.9845 -13.371 
-9.91495 -14.1586 
-11.3394 -12.128 
-13.6425 -9.70023 
-11.0974 -13.6476 
-10.322 -14.4253 
-7.19653 -15.5903 
-11.0644 -13.3288 
-11.2463 -13.6063 
-8.70547 -14.7863 
-9.63279 -14.672 
-9.15217 -14.8065 
-6.96391 -16.3427 
-9.45747 -15.0009 
-9.9715 -13.4376 
-9.99705 -13.567 
-10.8354 -13.591 
-10.3642 -14.3412 
-7.2391 -15.7257 
-10.2233 -14.448 
-7.50625 -14.3773 
-8.36618 -14.5833 
-11.2922 -13.1602 
-13.1696 -9.3494 
-9.09858 -14.5086 
-8.08521 -16.61 
-7.8309 -15.6908 
-7.67935 -15.7775 
-10.2452 -13.8702 
-9.55981 -14.3631 
-9.56492 -14.1077 
-10.934 -13.3994 
-11.0253 -14.0028 
-10.2214 -14.0127 
-10.3994 -13.77 
-9.87284 -14.3942 
-7.38211 -15.412 
-7.09689 -15.7057 
-7.37638 -15.9423 
-7.03061 -15.6044 
-9.65307 -13.9074 
-7.37526 -15.6093 
-14.4031 -8.58365 
-9.7453 -15.3445 
-9.35218 -15.549 
-11.192 -13.4001 
-11.0054 -13.7572 
-7.66909 -15.719 
-9.28442 -14.3712 
-8.64433 -15.2683 
-7.70858 -15.2746 
-10.1173 -13.6233 
-10.6389 -13.9022 
-8.21716 -14.4815 
-9.52123 -14.4088 
-10.7132 -13.7644 
-7.0942 -15.5536 
-10.6062 -12.7549 
-10.2012 -14.348 
-10.4471 -13.817 
-10.4232 -13.6675 
-8.00184 -14.7759 
-9.11354 -14.0462 
-10.0947 -14.8175 
-10.7206 -14.3808 
-10.8549 -12.7238 
-7.71313 -15.4231 
-10.7661 -13.8164 
-11.1921 -12.6726 
-7.61999 -15.9648 
-10.5572 -13.8057 
-12.5735 -11.6373 
-9.10945 -14.2479 
-10.5455 -13.7002 
-10.8396 -13.8436 
-7.55823 -15.6235 
-7.75087 -15.1483 
-6.94089 -17.4399 
-7.68399 -15.8221 
-10.1682 -13.7145 
-11.2802 -13.1944 
-10.4293 -14.5741 
-7.70254 -14.9054 
-7.3525 -15.5938 
-7.62203 -14.892 
-10.8859 -13.5244 
-10.4735 -13.6178 
-9.3047 -13.8963 
-10.8054 -13.6555 
-8.24695 -14.0817 
-9.82432 -14.0435 
-10.5367 -13.8874 
-7.62596 -15.7263 
-10.0281 -14.3681 
-10.742 -12.8929 
-10.349 -13.2323 
-9.26057 -14.3885 
-9.62966 -12.5758 
-11.069 -13.7279 
-10.9361 -13.2877 
-9.05164 -15.5555 
-11.2231 -11.9147 
-8.17931 -15.6251 
-7.12962 -15.8529 
-7.40672 -15.4316 
-7.3779 -15.4735 
-10.8618 -13.0068 
-7.79364 -14.3885 
-10.8972 -13.6324 
-7.25749 -15.7523 
-7.13221 -15.6284 
-10.2953 -14.0647 
-9.82557 -13.744 
-7.97703 -15.026 
-8.17901 -15.7309 
-10.9941 -13.4143 
-10.5006 -12.8573 
-7.41496 -15.4115 
-10.6724 -13.3481 
-7.76992 -14.0875 
-10.6265 -13.9828 
-7.71402 -15.5406 
-9.66454 -13.8613 
-10.4257 -13.9463 
-7.65682 -15.1444 
-8.62642 -14.8578 
-8.21181 -14.9236 
-10.3698 -13.8334 
-10.5876 -13.4721 
-8.77696 -14.1279 
-10.6117 -13.7507 
-10.4402 -13.0233 
-10.8133 -13.45 
-12.1425 -12.1767 
-11.1098 -13.171 
-7.36212 -14.7041 
-7.82676 -14.8446 
-10.6301 -12.2039 
-5.92337 -15.9763 
-7.45258 -15.2365 
-7.19748 -15.8567 
-8.65312 -14.2064 
-7.25025 -15.6647 
-11.6529 -12.7955 
-10.1996 -15.3657 
-9.72258 -14.8669 
-10.0293 -14.287 
-6.72428 -18.2421 
-9.17398 -14.2226 
-9.6243 -14.0467 
-10.6457 -13.8297 
-11.2984 -13.0752 
-10.3358 -14.0372 
-10.2279 -13.6364 
-10.601 -14.3382 
-10.4061 -13.7761 
-13.156 -11.1169 
-9.95122 -15.5057 
-7.54562 -15.4171 
-9.49781 -14.8799 
-9.46733 -14.7613 
-10.0663 -13.8402 
-10.1238 -14.0586 
-9.1045 -15.4773 
-7.85138 -15.7474 
-7.67866 -15.7195 
-8.11163 -15.6011 
-7.98105 -15.9245 
-8.21462 -14.852 
-8.34767 -15.2176 
-8.66971 -15.0686 
-8.55073 -15.2416 
-9.86155 -14.1151 
-8.91486 -14.9096 
-7.42909 -15.4021 
-7.61747 -14.7515 
-10.6725 -13.1111 
-10.2016 -14.2378 
-9.07236 -14.0851 
-8.68707 -15.3454 
-10.0665 -14.1298 
-9.11717 -14.326 
-8.35792 -14.393 
-7.3001 -15.6848 
-7.23638 -15.6513 
-7.12491 -15.5642 
-7.38109 -15.6091 
-7.11636 -15.5809 
-7.0964 -15.6529 
-7.16637 -15.5935 
-7.36252 -15.5783 
-7.09421 -15.5365 
-9.14037 -14.8234 
-7.17801 -15.6191 
-9.33572 -15.5652 
-10.3226 -13.5865 
-9.6728 -14.1133 
-7.72998 -14.9485 
-7.1718 -15.8399 
-7.9086 -15.478 
-9.87113 -14.1411 
-10.1469 -13.5363 
-7.42794 -15.5885 
-8.52441 -15.0613 
-8.21411 -14.7949 
-11.0309 -13.6036 
-10.6972 -13.8376 
-10.72 -13.9767 
-11.2793 -13.399 
-8.89279 -14.174 
-9.58197 -14.6801 
-9.5843 -14.9258 
-8.40061 -15.1068 
-10.3083 -14.4616 
-9.65984 -14.6949 
-10.0774 -14.7879 
-9.87545 -14.9013 
-9.73309 -14.5235 
-8.32455 -17.3932 
-10.0275 -14.1487 
-7.93234 -15.4554 
-7.23456 -15.9143 
-9.75558 -14.778 
-8.27896 -14.8564 
-10.4683 -14.097 
-9.58814 -15.056 
-7.37907 -15.6332 
-7.79884 -14.6032 
-7.3497 -15.5994 
-7.15684 -15.662 
-7.17026 -15.5467 
-7.20877 -15.6088 
-7.67363 -15.1078 
-9.97161 -13.703 
-7.40553 -15.5113 
-10.0236 -13.79 
-7.16379 -15.7929 
-8.14248 -15.5144 
-9.85722 -13.7463 
-8.45176 -15.5253 
-8.15099 -14.9032 
-9.10644 -14.47 
-10.3796 -13.9927 
-8.09058 -15.2472 
-9.94104 -13.9997 
-8.26675 -14.4308 
-11.375 -13.2089 
-10.7456 -13.3686 
-8.85139 -14.3177 
-10.2113 -14.2174 
-10.4117 -13.9947 
-10.4054 -13.9741 
-10.0486 -14.3138 
-10.8754 -13.453 
-10.5691 -13.8977 
-11.6881 -13.0541 
-7.17414 -18.1386 
-10.4718 -14.0462 
-10.6382 -13.8763 
-11.0188 -13.6637 
-11.3838 -13.2795 
-10.2328 -14.2017 
-10.1688 -14.5585 
-10.365 -14.3661 
-10.0388 -14.7902 
-10.4281 -14.6126 
-10.0523 -14.4016 
-11.2265 -13.287 
-10.2432 -14.5925 
-10.2775 -14.3679 
-9.90931 -14.2302 
-10.3899 -14.1444 
-10.6563 -13.9344 
-10.3615 -13.0923 
-7.47441 -15.5493 
-7.56271 -15.6961 
-7.31261 -15.799 
-7.71135 -15.6318 
-7.29902 -15.5923 
-8.93812 -14.9676 
-7.84633 -15.7992 
-7.14814 -15.6099 
-7.30824 -15.6937 
-7.17194 -15.9314 
-9.74662 -14.5143 
-7.28413 -15.657 
-7.18496 -15.5634 
-7.19791 -15.595 
-10.1734 -14.1348 
-7.78779 -15.186 
-9.29983 -15.02 
-7.34794 -15.4463 
-8.09149 -14.9622 
-7.114 -15.5146 
-9.30718 -14.8134 
-7.38386 -15.5674 
-8.56683 -15.6089 
-7.26477 -15.4205 
-10.7653 -12.7996 
-7.4161 -15.3239 
-7.27019 -15.7596 
-7.34196 -15.7228 
-7.77374 -15.7325 
-7.17129 -15.5522 
-7.54624 -15.6011 
-7.30307 -15.6631 
-9.38825 -14.8161 
-7.55346 -15.6986 
-7.75769 -15.6642 
-8.2122 -15.4725 
-7.10267 -15.6005 
-7.73744 -15.5467 
-7.41653 -15.3029 
-8.1093 -15.2141 
-10.6848 -13.7076 
-8.12258 -14.6374 
-9.76671 -13.7033 
-7.34795 -15.3894 
-7.46254 -15.07 
-10.6642 -13.3542 
-9.67097 -14.2829 
-10.1698 -14.0863 
-7.43449 -15.2697 
-10.1743 -14.6104 
-7.2741 -15.7306 
-7.9116 -15.496 
-7.65951 -15.5887 
-10.3893 -13.469 
-7.12547 -15.6497 
-7.83353 -15.4879 
-7.27489 -15.6274 
-11.0893 -13.1668 
-10.5008 -13.8333 
-10.931 -13.059 
-10.3415 -13.586 
-7.66381 -15.589 
-11.0015 -12.5728 
-9.88277 -14.5341 
-8.32992 -15.4255 
-10.7847 -13.9964 
-11.2355 -13.2331 
-10.9453 -13.6615 
-10.178 -13.9045 
-10.3295 -13.8672 
-10.6956 -13.8904 
-10.617 -13.9682 
-10.2878 -13.5916 
-10.8711 -13.8067 
-10.9674 -13.6487 
-10.869 -13.8262 
-12.2731 -11.4715 
-10.6769 -13.6032 
-9.94127 -14.006 
-9.11557 -15.1725 
-7.24176 -15.6657 
-7.26106 -15.6054 
-7.15914 -15.5345 
-9.07025 -14.9292 
-8.45785 -15.9884 
-7.19739 -15.5776 
-7.23138 -15.6309 
-7.59013 -15.6979 
-7.7959 -15.2255 
-7.33533 -15.5381 
-10.5462 -14.2079 
-11.0079 -13.1553 
-10.1469 -14.2778 
-10.1572 -14.3486 
-10.2462 -13.8427 
-10.6322 -13.2239 
-9.07939 -14.5895 
-10.9306 -12.7724 
-8.28264 -15.2711 
-8.17614 -15.1166 
-8.29227 -15.025 
-9.38282 -14.8095 
-9.90152 -14.2097 
-7.24696 -15.5773 
-7.09813 -15.5511 
-7.70132 -15.478 
-9.96841 -14.0126 
-9.68217 -14.4645 
-7.77757 -15.6331 
-7.63169 -15.6936 
-7.36536 -15.558 
-8.08521 -15.9278 
-7.5145 -15.6389 
-9.61353 -14.1203 
-8.0984 -15.3893 
-9.99002 -14.8191 
-7.18759 -15.886 
-8.83901 -14.9944 
-9.271 -14.5018 
-9.88527 -14.3563 
-10.0491 -14.2558 
-10.4313 -13.658 
-10.4867 -14.4893 
-9.71625 -14.0089 
-8.40474 -14.8316 
-9.8335 -14.4856 
-8.03372 -15.0921 
-7.10929 -15.6453 
-7.06653 -15.7037 
-7.22766 -15.539 
-7.57605 -15.6455 
-7.58529 -15.4906 
-7.31264 -15.5012 
-7.4554 -15.5738 
-9.90662 -14.1427 
-7.09576 -15.7248 
-9.8405 -14.736 
-9.72707 -13.7638 
-8.27791 -14.9842 
-8.03552 -15.7564 
-9.22008 -15.1456 
-9.56664 -15.2517 
-9.31419 -14.5849 
-9.30687 -14.7857 
-9.2929 -14.915 
-10.2211 -13.5628 
-8.81356 -14.1114 
-9.32944 -14.5821 
-7.55324 -15.6603 
-9.93086 -14.4392 
-10.1007 -14.7634 
-7.05062 -15.8253 
-6.90121 -17.5086 
-7.10054 -15.7406 
-7.26472 -15.6513 
-7.30804 -16.0994 
-7.35648 -15.7431 
-7.22784 -15.7889 
-7.22707 -15.9059 
-7.25305 -15.8355 
-8.50067 -16.1298 
-7.72982 -15.4954 
-7.14439 -15.5795 
-7.12532 -15.6031 
-7.46147 -15.5796 
-9.26563 -14.8711 
-9.49378 -14.7044 
-8.37299 -15.2682 
-7.60314 -15.7101 
-9.04854 -15.0807 
-7.40545 -15.6046 
-8.33788 -15.3403 
-7.99058 -15.7738 
-8.34544 -15.896 
-10.0669 -14.3086 
-9.97293 -14.9273 
-9.00794 -14.9894 
-8.1354 -15.5233 
-7.91641 -15.8491 
-8.38328 -15.5428 
-9.68961 -14.5203 
-9.91221 -14.4393 
-8.03926 -15.8117 
-8.18153 -15.1886 
-9.88974 -14.1157 
-10.0846 -14.1452 
-9.83603 -13.9431 
-8.60881 -15.0894 
-10.3989 -14.3143 
-7.75246 -15.1801 
-10.4596 -13.5908 
-9.91763 -14.531 
-9.77629 -14.9918 
-11.8263 -13.044 
-11.6293 -12.7751 
-11.0104 -13.6024 
-10.82 -14.2006 
-11.5581 -13.8555 
-11.3361 -13.8632 
-10.2753 -14.2843 
-10.7511 -14.2567 
-10.7181 -13.212 
-8.58919 -14.6772 
-8.32766 -15.0177 
-9.32594 -14.5439 
-8.02114 -14.9285 
-11.2091 -12.2852 
-10.872 -13.4428 
-7.80308 -15.3001 
-10.2914 -13.7152 
-7.1965 -15.6416 
-8.69379 -14.7407 
-7.9968 -15.1843 
-9.39528 -15.0982 
-8.92553 -14.7784 
-10.9634 -12.9866 
-8.36656 -16.0182 
-7.9097 -15.4436 
-10.9002 -13.5111 
-9.76211 -14.5425 
-8.21495 -16.1168 
-9.60067 -14.4168 
-7.37857 -15.8452 
-10.0477 -14.3008 
-10.6991 -13.9727 
-9.85523 -14.4613 
-7.0696 -15.6126 
-10.8497 -13.1449 
-7.89878 -15.6135 
-9.39819 -14.5701 
-7.15872 -15.6359 
-8.02874 -15.2832 
-10.322 -14.0883 
-9.90201 -14.689 
-10.0556 -14.4073 
-10.229 -14.349 
-10.9021 -13.1444 
-10.6825 -14.0457 
-10.9319 -13.7252 
-11.5093 -12.8421 
-10.6692 -13.9212 
-7.61274 -15.6477 
-10.2849 -13.9594 
-7.07546 -15.7585 
-7.4607 -15.3129 
-8.46928 -16.0916 
-7.08783 -15.8193 
-8.02881 -15.0023 
-7.96694 -15.5928 
-7.93513 -15.048 
-7.18503 -15.8623 
-7.08519 -15.6759 
-7.36491 -15.852 
-7.31959 -15.9631 
-7.13047 -15.8699 
-9.36249 -14.9472 
-9.94289 -14.1444 
-7.6882 -15.7595 
-10.3524 -14.0431 
-8.15309 -15.1869 
-7.4596 -15.7165 
-9.64658 -14.1593 
-10.0444 -13.9387 
-9.4332 -14.1422 
-7.28179 -15.6117 
-7.27953 -15.7201 
-9.75023 -14.0319 
-7.22872 -15.6383 
-9.46163 -14.224 
-7.14662 -15.5558 
-7.12804 -15.5875 
-7.21311 -15.6396 
-7.15323 -15.6377 
-7.1176 -15.6885 
-7.2073 -15.7778 
-8.18537 -15.8064 
-7.8427 -15.8046 
-7.15267 -15.6629 
-8.12299 -15.6746 
-7.25809 -15.6453 
-7.17986 -15.55 
-7.30607 -15.6458 
-7.17139 -15.7611 
-7.13611 -15.723 
-7.12684 -15.6578 
-7.15351 -15.5861 
-7.24657 -15.6782 
-9.50049 -15.0227 
-8.16721 -15.39 
-9.20105 -14.9015 
-7.71056 -15.4646 
-7.33637 -15.2828 
-8.08607 -15.3568 
-10.3543 -13.7104 
-9.55729 -13.9595 
-10.257 -14.1947 
-10.7272 -13.8506 
-10.7003 -13.7537 
-9.51007 -14.3122 
-10.1664 -14.1444 
-7.61073 -15.4389 
-9.85921 -14.3745 
-9.63381 -14.075 
-10.532 -14.0622 
-10.4916 -14.2692 
-9.50132 -14.4577 
-11.1156 -13.4487 
-8.17271 -14.965 
-8.8858 -14.2853 
-7.52911 -15.7058 
-9.11503 -14.7471 
-9.29562 -14.5942 
-8.00596 -15.5301 
-8.76677 -14.4847 
-8.00506 -15.4496 
-9.77845 -14.7823 
-10.5438 -14.1684 
-10.6001 -13.9256 
-9.96482 -14.3519 
-9.77925 -13.937 
-9.9548 -14.1325 
-7.40808 -18.024 
-10.5767 -13.7573 
-7.07847 -15.7322 
-9.97904 -14.1703 
-7.31976 -15.553 
-7.2893 -15.5239 
-7.17995 -15.5364 
-7.46533 -15.7432 
-9.98378 -14.2513 
-10.9776 -12.5468 
-11.193 -12.3698 
-7.1416 -15.5702 
-7.13458 -15.5524 
-9.86805 -14.2508 
-7.19942 -15.7821 
-7.18602 -15.554 
-10.8882 -13.7263 
-9.64619 -14.618 
-8.71364 -15.0657 
-8.59828 -14.784 
-8.25428 -15.7975 
-7.44606 -15.4642 
-10.1344 -13.6021 
-9.78126 -14.1059 
-7.12651 -15.5842 
-11.0272 -12.8862 
-7.17405 -15.5593 
-9.38945 -13.798 
-8.50758 -14.2196 
-8.3034 -14.7065 
-9.87197 -13.5143 
-8.19908 -15.0062 
-8.10874 -14.3904 
-10.0571 -13.3223 
-12.0782 -11.5235 
-8.52324 -13.8334 
-8.40864 -15.525 
-6.34267 -18.2192 
-8.46161 -16.2849 
-6.42613 -18.0447 
-6.83857 -17.5391 
-5.82124 -17.3993 
-4.98103 -17.1073 
-7.78617 -15.7773 
-8.51256 -14.2996 
-9.65172 -13.3894 
-9.31489 -14.3101 
-11.3564 -14.5725 
-10.579 -13.6122 
-10.4935 -14.7632 
-8.41196 -14.1572 
-8.58394 -14.1124 
-8.39052 -15.0371 
-9.38855 -13.6019 
-10.1314 -13.879 
-9.8283 -14.8953 
-7.1 -17.0638 
-7.71338 -15.6428 
-7.23318 -15.5698 
-7.54278 -15.6504 
-7.76547 -15.7293 
-7.60268 -15.5807 
-8.01385 -15.5334 
-10.5671 -13.962 
-9.75107 -14.211 
