1.58717e-13 4.23688e-14 
2.30192e-13 6.1443e-14 
1.25646e-15 4.04762e-16 
1.0504e-15 3.60699e-16 
1.08072e-15 3.72716e-16 
6.80501e-16 2.29271e-16 
8.75616e-15 2.7082e-15 
3.8027e-16 1.2294e-16 
3.606e-15 1.27363e-15 
9.28457e-14 2.512e-14 
7.46265e-16 2.44459e-16 
4.5582e-13 1.21636e-13 
2.04844e-15 7.0816e-16 
1.23935e-15 4.29913e-16 
7.60032e-13 2.03296e-13 
4.49859e-15 1.40274e-15 
5.96304e-13 1.59164e-13 
1.34708e-14 4.11921e-15 
1.03251e-15 3.56064e-16 
4.75808e-16 1.58858e-16 
6.02284e-16 2.01707e-16 
7.63068e-16 2.44011e-16 
1.68984e-15 5.34354e-16 
9.40869e-16 3.02992e-16 
6.87441e-16 2.35928e-16 
6.62609e-13 1.77036e-13 
1.6064e-15 5.61797e-16 
5.38073e-15 1.6751e-15 
6.55034e-13 1.74309e-13 
4.09423e-16 1.35724e-16 
1.56346e-13 4.17564e-14 
2.9914e-13 7.61767e-14 
3.43934e-13 9.17334e-14 
5.78327e-16 1.913e-16 
4.87999e-16 1.64496e-16 
1.21367e-15 3.93146e-16 
1.83272e-15 5.86412e-16 
5.51737e-16 1.83267e-16 
1.18162e-14 3.63789e-15 
4.25459e-16 1.40957e-16 
1.72484e-13 4.62708e-14 
5.8154e-16 1.93377e-16 
6.83819e-16 2.26245e-16 
2.90748e-15 9.14663e-16 
8.79556e-16 2.8477e-16 
2.62606e-15 8.21057e-16 
9.43723e-16 3.0517e-16 
2.1839e-15 6.94519e-16 
1.24117e-13 3.40517e-14 
1.71793e-15 5.94346e-16 
6.24549e-10 8.87284e-11 
5.95362e-16 1.90658e-16 
1.47195e-15 4.64809e-16 
1.05884e-15 3.3905e-16 
1.43208e-15 4.51148e-16 
8.42584e-13 1.17515e-13 
2.27471e-15 7.14561e-16 
1.77077e-15 5.70213e-16 
4.9573e-15 1.53705e-15 
4.55398e-16 1.50808e-16 
5.17031e-16 1.72206e-16 
3.7398e-14 1.11223e-14 
2.12199e-13 5.67091e-14 
3.5836e-16 1.19494e-16 
1.58247e-15 5.06026e-16 
2.65136e-13 7.07267e-14 
3.52567e-14 1.00852e-14 
8.56903e-16 2.73669e-16 
4.04787e-13 1.07872e-13 
1.23279e-09 1.7533e-10 
7.67268e-16 2.50679e-16 
1.52556e-13 4.09998e-14 
1.45889e-15 5.0272e-16 
1.71899e-10 2.42156e-11 
2.2716e-14 7.80357e-15 
1.70505e-15 5.89772e-16 
1.06139e-15 3.61507e-16 
1.01679e-15 3.29897e-16 
1.40159e-15 4.48848e-16 
1.1364e-14 3.47468e-15 
1.27377e-15 4.08145e-16 
5.49315e-16 1.81979e-16 
3.74679e-14 1.09217e-14 
6.22007e-16 2.09615e-16 
1.65117e-15 5.72705e-16 
3.58457e-14 1.08122e-14 
4.51419e-15 1.38941e-15 
6.36923e-16 2.14329e-16 
6.17435e-13 1.64764e-13 
7.88881e-15 2.40678e-15 
7.23001e-15 2.21251e-15 
7.0442e-16 2.39299e-16 
4.44115e-13 1.18269e-13 
2.84447e-15 8.93445e-16 
5.88392e-16 1.96977e-16 
1.33725e-15 4.57154e-16 
6.15624e-16 2.01072e-16 
1.22692e-14 3.78541e-15 
1.66837e-15 5.76893e-16 
6.48057e-16 2.08741e-16 
1.37935e-15 4.45576e-16 
1.47743e-13 3.95816e-14 
1.53898e-15 4.88577e-16 
3.58796e-15 1.11607e-15 
6.35814e-14 1.75877e-14 
3.30517e-13 8.81641e-14 
5.64376e-13 1.50665e-13 
5.64946e-13 1.50585e-13 
5.47266e-15 1.69654e-15 
1.20264e-15 3.83911e-16 
3.35424e-15 1.05677e-15 
3.1587e-13 8.41963e-14 
5.20977e-16 1.69466e-16 
2.15564e-15 6.70439e-16 
1.64604e-15 5.16471e-16 
4.77233e-16 1.58568e-16 
7.43735e-16 2.51661e-16 
1.73316e-14 5.88049e-15 
3.76424e-15 1.15302e-15 
1.77812e-13 4.73299e-14 
6.65111e-15 2.05346e-15 
5.24573e-13 1.40054e-13 
1.34635e-15 4.63467e-16 
7.53496e-16 2.43882e-16 
4.89371e-16 1.6475e-16 
2.80892e-15 9.92619e-16 
1.45145e-15 5.02111e-16 
6.01086e-16 2.00838e-16 
1.47314e-15 4.73734e-16 
7.15958e-13 1.22601e-13 
2.66737e-13 7.1174e-14 
1.98042e-14 6.06149e-15 
4.21028e-14 1.24225e-14 
1.23643e-15 3.96685e-16 
3.74081e-16 1.23418e-16 
8.52411e-16 2.73868e-16 
2.76208e-15 8.64926e-16 
6.92223e-16 2.22183e-16 
7.62317e-16 2.60245e-16 
1.28316e-15 4.07033e-16 
5.1639e-13 1.37845e-13 
1.50836e-13 4.10409e-14 
4.7507e-16 1.55473e-16 
7.89842e-14 2.37882e-14 
4.89638e-16 1.63496e-16 
9.50954e-16 3.19545e-16 
7.24619e-16 2.33875e-16 
2.10538e-15 6.61409e-16 
1.65801e-15 5.30535e-16 
8.50312e-13 2.28343e-13 
2.74865e-15 8.60894e-16 
1.91368e-13 5.13514e-14 
5.71836e-16 1.91796e-16 
2.34424e-15 7.35351e-16 
2.55353e-13 6.82885e-14 
6.15507e-16 2.01367e-16 
4.02471e-13 1.07252e-13 
3.26191e-15 1.00753e-15 
1.56604e-13 4.18408e-14 
1.5177e-15 5.22998e-16 
5.85519e-13 1.56185e-13 
6.49253e-14 1.89302e-14 
6.02525e-13 1.60784e-13 
1.13838e-15 3.65511e-16 
6.46926e-16 2.15609e-16 
1.38526e-15 4.41135e-16 
3.43154e-13 9.16523e-14 
1.76486e-15 5.53883e-16 
5.38343e-16 1.80179e-16 
3.30168e-16 1.07981e-16 
6.9415e-16 2.2207e-16 
9.12203e-16 3.0227e-16 
4.01374e-12 5.53827e-13 
1.7288e-15 5.49458e-16 
7.16253e-16 2.42084e-16 
2.67635e-15 8.4414e-16 
1.16911e-13 3.17253e-14 
5.99117e-16 2.01506e-16 
1.22223e-15 3.86491e-16 
1.02847e-14 3.17848e-15 
2.81206e-14 9.38905e-15 
1.03768e-15 3.34717e-16 
5.01068e-16 1.66224e-16 
1.66122e-13 4.4388e-14 
1.38085e-13 3.72879e-14 
1.88829e-15 6.58536e-16 
6.5118e-15 2.00986e-15 
1.17445e-13 3.25033e-14 
3.06191e-14 9.3584e-15 
8.08742e-13 2.16467e-13 
7.12482e-16 2.29987e-16 
5.78306e-14 1.63059e-14 
4.0271e-15 1.2679e-15 
9.15156e-16 2.99281e-16 
5.4963e-16 1.82394e-16 
2.76687e-15 9.56962e-16 
1.62317e-15 5.1023e-16 
1.1891e-15 4.11691e-16 
6.15911e-16 2.01574e-16 
5.06735e-16 1.69123e-16 
3.99099e-13 1.06547e-13 
5.07958e-16 1.67407e-16 
5.92268e-16 1.99329e-16 
3.38445e-15 1.06803e-15 
7.00214e-13 1.86614e-13 
1.54284e-13 4.16111e-14 
5.32116e-15 1.64129e-15 
2.22502e-15 7.72873e-16 
6.11661e-15 1.88829e-15 
9.9027e-13 1.43939e-13 
5.52082e-16 1.81105e-16 
4.66417e-15 1.43204e-15 
6.08206e-15 1.88293e-15 
4.19037e-16 1.39421e-16 
6.84106e-15 2.0976e-15 
1.00959e-12 2.72293e-13 
3.00483e-15 9.36326e-16 
1.69409e-15 5.86908e-16 
1.5361e-15 4.86947e-16 
2.8063e-10 3.97334e-11 
3.55304e-15 1.10295e-15 
3.79822e-14 1.15905e-14 
2.37448e-10 3.35608e-11 
3.88928e-15 1.20058e-15 
3.67553e-10 5.2327e-11 
8.80347e-14 2.66268e-14 
6.95634e-14 1.95009e-14 
6.1199e-16 2.05353e-16 
6.27139e-16 2.11159e-16 
5.61119e-13 1.49767e-13 
7.85709e-16 2.64941e-16 
5.47097e-15 1.70654e-15 
8.13965e-10 1.1646e-10 
1.78732e-15 5.68634e-16 
8.98596e-16 3.09373e-16 
8.81178e-16 3.02462e-16 
6.97993e-16 2.33827e-16 
1.84521e-15 5.87083e-16 
7.91144e-15 2.46905e-15 
5.02538e-16 1.66091e-16 
4.92174e-16 1.64033e-16 
5.24872e-16 1.74378e-16 
2.98511e-13 7.9631e-14 
7.93655e-16 2.70696e-16 
1.78916e-15 6.19721e-16 
9.15343e-14 2.536e-14 
1.82187e-13 4.869e-14 
1.15374e-15 3.68212e-16 
1.82298e-15 6.31638e-16 
8.88984e-16 3.04786e-16 
4.67161e-15 1.43346e-15 
4.15119e-10 1.56501e-10 
1.08927e-12 1.60298e-13 
1.44779e-13 3.86746e-14 
6.55372e-11 9.11377e-12 
8.51784e-15 2.60661e-15 
8.48449e-16 2.668e-16 
7.53033e-13 2.01612e-13 
6.74961e-13 1.80213e-13 
2.24105e-12 7.72145e-13 
2.79899e-13 7.45601e-14 
5.44321e-16 1.82116e-16 
1.69201e-13 4.51385e-14 
3.09009e-15 9.61423e-16 
9.10083e-16 3.09489e-16 
1.90609e-13 5.09148e-14 
8.76478e-16 2.81214e-16 
6.04989e-16 1.99609e-16 
2.52204e-15 7.98067e-16 
7.24774e-16 2.38804e-16 
1.30697e-14 4.02544e-15 
1.25591e-13 3.69733e-14 
1.20476e-15 4.16031e-16 
1.1239e-13 3.07576e-14 
4.11442e-13 1.22918e-13 
8.13829e-15 2.51122e-15 
6.89527e-15 2.12699e-15 
5.15067e-15 1.59828e-15 
2.20508e-15 7.49417e-16 
5.05397e-13 1.34767e-13 
1.23196e-15 3.93969e-16 
1.26682e-15 4.05316e-16 
2.76714e-13 7.37971e-14 
1.13112e-15 3.88349e-16 
7.84331e-16 2.63954e-16 
4.87136e-16 1.59907e-16 
5.84518e-15 1.83256e-15 
6.95967e-16 2.38031e-16 
6.32715e-13 1.42368e-13 
1.97376e-15 6.13832e-16 
1.66123e-13 4.43611e-14 
1.86023e-13 4.98478e-14 
6.57058e-16 2.1549e-16 
7.65757e-15 2.35855e-15 
4.63552e-16 1.49441e-16 
1.05579e-14 3.26177e-15 
2.64237e-15 8.36313e-16 
1.68047e-15 5.81296e-16 
3.78791e-15 1.18438e-15 
3.95762e-13 1.0553e-13 
1.13324e-13 3.07575e-14 
6.41179e-16 2.16802e-16 
9.92935e-14 2.66014e-14 
5.96003e-16 1.99392e-16 
1.96391e-13 5.26546e-14 
4.88612e-16 1.61745e-16 
1.39932e-14 4.49595e-15 
4.69159e-16 1.552e-16 
4.51313e-13 1.20423e-13 
1.39133e-15 4.85169e-16 
3.51053e-13 9.36568e-14 
7.90005e-13 2.11809e-13 
7.99372e-13 2.10688e-13 
4.44863e-10 6.33389e-11 
5.7998e-16 1.92102e-16 
3.67326e-16 1.19257e-16 
8.10783e-15 2.46507e-15 
3.58189e-10 5.08682e-11 
9.3061e-16 3.15286e-16 
1.77126e-15 6.13858e-16 
3.91125e-13 1.04283e-13 
7.8005e-16 2.58688e-16 
2.03945e-15 7.10774e-16 
4.15172e-16 1.34925e-16 
4.38534e-16 1.40724e-16 
6.2453e-16 2.06357e-16 
5.275e-15 1.6441e-15 
1.16665e-13 3.1884e-14 
1.54777e-13 4.13098e-14 
2.04846e-15 7.11328e-16 
9.9995e-16 3.17947e-16 
2.45402e-13 6.5514e-14 
7.97136e-16 2.58664e-16 
7.17076e-10 1.0261e-10 
5.83538e-15 1.80506e-15 
3.18296e-15 9.87023e-16 
1.67603e-13 4.48427e-14 
9.3709e-16 3.03002e-16 
8.68003e-16 2.79768e-16 
9.62124e-16 3.1075e-16 
9.56244e-16 3.22426e-16 
7.47547e-16 2.40996e-16 
1.53538e-13 4.09818e-14 
1.15054e-12 1.5708e-13 
7.04828e-14 2.01043e-14 
2.19597e-16 7.23945e-17 
7.23893e-15 2.23973e-15 
4.99189e-16 1.65428e-16 
4.89972e-09 2.0068e-09 
5.94568e-13 1.58605e-13 
6.65433e-13 1.77236e-13 
5.95603e-10 8.49491e-11 
1.87909e-15 6.54005e-16 
9.58593e-15 2.96091e-15 
1.07431e-13 3.2755e-14 
1.09833e-15 3.76647e-16 
2.71455e-14 7.9751e-15 
4.91236e-16 1.62815e-16 
1.62433e-15 5.62132e-16 
9.92043e-14 2.65096e-14 
1.01552e-14 3.01255e-15 
6.39258e-13 1.70504e-13 
3.0624e-10 4.33338e-11 
1.22652e-15 3.9e-16 
1.10362e-15 3.69004e-16 
1.20225e-15 4.11078e-16 
5.07435e-16 1.69163e-16 
2.03433e-13 5.43419e-14 
1.4181e-13 3.80571e-14 
1.75065e-13 4.67949e-14 
1.23754e-15 4.23797e-16 
4.05435e-14 1.24341e-14 
4.63695e-16 1.54541e-16 
4.99366e-13 1.33202e-13 
1.47264e-15 4.66433e-16 
1.14466e-15 3.63047e-16 
1.6117e-14 4.91414e-15 
1.60477e-13 4.28982e-14 
5.41059e-10 7.50636e-11 
1.64241e-15 5.70242e-16 
4.15164e-15 1.29598e-15 
8.3758e-16 2.8318e-16 
4.89304e-14 1.41598e-14 
1.49836e-13 4.00176e-14 
4.88057e-16 1.61035e-16 
1.63753e-13 4.37266e-14 
1.08968e-13 2.93505e-14 
4.54137e-16 1.51814e-16 
3.42215e-13 9.13118e-14 
1.47895e-13 3.96951e-14 
6.93425e-14 1.9864e-14 
3.04679e-13 8.1331e-14 
5.96146e-16 1.97573e-16 
8.23846e-16 2.76353e-16 
4.63635e-14 1.41939e-14 
1.7484e-15 6.05405e-16 
6.09722e-13 1.62729e-13 
2.03237e-13 5.45049e-14 
4.78725e-16 1.59772e-16 
1.12673e-15 3.63523e-16 
1.90655e-13 5.08954e-14 
8.31766e-16 2.84638e-16 
1.88306e-15 6.55178e-16 
3.06484e-11 4.24233e-12 
7.10013e-15 2.58998e-15 
1.33377e-15 4.55298e-16 
4.97463e-13 1.32774e-13 
3.04462e-15 9.3674e-16 
5.49651e-15 1.696e-15 
2.7422e-13 7.32305e-14 
6.93415e-16 2.26041e-16 
5.81853e-16 1.94891e-16 
1.97228e-15 6.21777e-16 
1.13694e-15 3.90359e-16 
1.16962e-15 3.98651e-16 
3.33734e-15 1.03901e-15 
5.33262e-16 1.76636e-16 
1.6098e-15 5.09067e-16 
1.46617e-13 3.93412e-14 
1.09211e-14 3.33136e-15 
6.87809e-16 2.23381e-16 
7.71943e-13 1.99958e-13 
9.17837e-16 3.07116e-16 
6.11444e-16 2.06158e-16 
1.43532e-15 4.98747e-16 
2.85981e-16 9.45553e-17 
8.49168e-16 2.87598e-16 
4.01491e-16 1.33534e-16 
9.48541e-16 3.23735e-16 
6.29445e-16 2.09716e-16 
1.71182e-15 5.9211e-16 
3.14442e-15 1.01986e-15 
1.76653e-13 4.71509e-14 
7.60453e-15 2.34449e-15 
2.40339e-15 7.51728e-16 
4.41825e-16 1.42118e-16 
3.60612e-13 9.60511e-14 
1.91796e-13 5.11596e-14 
1.7793e-15 6.18387e-16 
5.45147e-15 1.67608e-15 
5.19051e-15 1.61098e-15 
2.2788e-06 1.07067e-06 
7.6243e-16 2.49438e-16 
1.98804e-13 5.31267e-14 
7.36974e-10 1.05422e-10 
2.46993e-15 7.74874e-16 
5.24148e-16 1.75107e-16 
6.09014e-16 1.95846e-16 
5.72285e-13 7.74597e-14 
3.89417e-14 1.17527e-14 
7.70518e-16 2.50091e-16 
2.35407e-15 7.36008e-16 
9.37094e-16 3.01265e-16 
1.78252e-14 5.56043e-15 
8.00219e-16 2.60271e-16 
5.62035e-15 1.73523e-15 
1.27314e-15 4.35532e-16 
3.1586e-13 8.43714e-14 
2.14336e-15 6.812e-16 
2.61787e-15 8.2822e-16 
8.77391e-14 2.41547e-14 
4.97038e-16 1.60625e-16 
6.34924e-16 2.12487e-16 
8.4692e-16 2.80327e-16 
6.52689e-16 2.20984e-16 
1.33353e-15 4.61512e-16 
6.39206e-16 2.11979e-16 
9.84869e-15 3.04265e-15 
1.68553e-13 4.51027e-14 
1.1566e-13 3.10341e-14 
1.6031e-13 4.30492e-14 
8.24862e-16 2.72611e-16 
2.98952e-15 9.30003e-16 
1.66419e-15 5.31822e-16 
9.51575e-15 2.94198e-15 
5.47949e-15 1.7021e-15 
1.05485e-15 3.65039e-16 
1.7269e-15 5.95492e-16 
6.7358e-13 1.36341e-13 
6.29723e-16 2.06562e-16 
7.2429e-16 2.38218e-16 
2.48178e-10 3.49529e-11 
5.70215e-16 1.91401e-16 
1.37813e-15 4.34407e-16 
8.84367e-16 2.96519e-16 
1.26802e-15 4.36356e-16 
1.34872e-12 4.21735e-13 
1.19054e-14 3.61813e-15 
3.97691e-16 1.32592e-16 
5.0263e-16 1.67835e-16 
9.14145e-13 1.41533e-13 
5.22505e-16 1.74453e-16 
2.44327e-13 6.52331e-14 
8.54869e-16 2.73636e-16 
2.94197e-15 9.21788e-16 
7.38702e-13 1.91251e-13 
8.20775e-16 2.63585e-16 
4.55422e-13 1.21394e-13 
2.43423e-13 6.47636e-14 
2.12757e-15 6.75512e-16 
4.62199e-16 1.54346e-16 
6.47442e-16 2.17681e-16 
1.21718e-14 3.76792e-15 
4.98133e-15 1.54829e-15 
2.25871e-13 6.02897e-14 
5.0103e-15 1.53997e-15 
5.37859e-16 1.76788e-16 
1.51689e-15 5.31542e-16 
5.40991e-12 7.42408e-13 
1.08409e-15 3.48244e-16 
6.36024e-14 1.90625e-14 
9.4911e-16 3.08461e-16 
8.28937e-16 2.64804e-16 
1.64702e-15 5.70181e-16 
3.47721e-13 9.26718e-14 
2.56814e-13 6.86255e-14 
1.05539e-14 3.26582e-15 
4.18111e-13 1.11546e-13 
1.74799e-15 6.09311e-16 
6.92116e-13 1.84179e-13 
2.60327e-15 8.26818e-16 
1.57697e-13 4.20946e-14 
3.93191e-13 1.04868e-13 
8.79201e-16 2.91771e-16 
4.85618e-13 1.2926e-13 
1.74612e-15 5.97109e-16 
7.30461e-16 2.32823e-16 
8.07317e-16 2.61546e-16 
3.10825e-15 9.64501e-16 
4.56924e-16 1.52556e-16 
1.63887e-13 4.3858e-14 
4.63605e-13 1.23642e-13 
6.63023e-16 2.12677e-16 
1.07493e-15 3.69799e-16 
4.42453e-15 1.36345e-15 
2.53868e-13 6.78194e-14 
3.58084e-15 1.11564e-15 
3.95012e-13 1.05326e-13 
3.79686e-15 1.15334e-15 
7.93341e-16 2.66688e-16 
4.70798e-13 1.25603e-13 
4.98232e-13 1.32873e-13 
1.86846e-14 5.75785e-15 
2.99885e-15 9.29503e-16 
9.9006e-14 2.73653e-14 
7.67976e-16 2.50037e-16 
1.31335e-15 4.53948e-16 
5.63093e-16 1.88983e-16 
1.10514e-15 3.82008e-16 
1.30019e-13 3.6389e-14 
7.42511e-15 2.27546e-15 
3.11147e-15 9.6477e-16 
6.3601e-16 2.03392e-16 
3.01999e-15 9.5523e-16 
4.93778e-16 1.58307e-16 
2.72034e-13 7.25415e-14 
1.0803e-15 3.49523e-16 
1.75099e-15 6.05698e-16 
1.0468e-15 3.61519e-16 
1.66814e-13 4.45355e-14 
2.09317e-15 6.77205e-16 
1.23073e-15 3.9284e-16 
1.16429e-15 4.03852e-16 
1.49267e-15 4.76871e-16 
4.38963e-13 1.16952e-13 
1.81875e-15 5.77968e-16 
4.99745e-10 7.06256e-11 
6.08798e-16 2.01398e-16 
1.25292e-13 3.3638e-14 
9.06615e-16 2.92159e-16 
8.95728e-16 3.04889e-16 
5.62168e-13 1.4995e-13 
3.06694e-13 8.1889e-14 
3.12926e-13 8.35379e-14 
8.15905e-13 2.1836e-13 
6.57493e-13 1.75489e-13 
4.65703e-13 1.24258e-13 
5.92521e-13 1.57904e-13 
7.01437e-13 1.87392e-13 
4.16714e-13 1.1116e-13 
9.07275e-13 2.44329e-13 
1.033e-12 2.79336e-13 
7.4108e-13 1.98257e-13 
8.24061e-13 2.21145e-13 
9.2497e-13 1.45251e-13 
6.64342e-13 1.7728e-13 
4.59685e-13 1.22566e-13 
5.96937e-12 8.16948e-13 
5.18342e-13 1.38269e-13 
1.67975e-13 4.49599e-14 
5.29615e-11 7.35274e-12 
1.73604e-13 4.64089e-14 
2.24751e-13 5.99554e-14 
5.11192e-16 1.69752e-16 
2.90088e-13 7.74621e-14 
1.08442e-13 2.94828e-14 
3.07942e-13 8.22484e-14 
3.48697e-13 9.30141e-14 
1.30648e-12 1.77494e-13 
6.27273e-13 1.67334e-13 
1.18572e-12 1.72435e-13 
2.18471e-13 5.84123e-14 
7.6479e-13 2.04773e-13 
6.78324e-13 1.81122e-13 
6.93232e-13 1.8512e-13 
7.80916e-13 2.08976e-13 
5.96137e-13 1.59049e-13 
6.655e-13 1.77613e-13 
7.68262e-13 2.05619e-13 
1.57135e-13 4.73242e-14 
5.42969e-13 1.44799e-13 
6.88063e-13 1.83798e-13 
3.17429e-14 9.65057e-15 
4.09457e-14 1.24647e-14 
3.90876e-13 1.04227e-13 
5.3087e-13 1.41433e-13 
2.20898e-13 5.90216e-14 
4.82014e-13 1.28561e-13 
6.80993e-13 1.81604e-13 
1.69314e-13 4.52684e-14 
3.85979e-13 1.12888e-13 
3.97626e-13 1.06056e-13 
6.8919e-13 1.84012e-13 
5.23287e-13 1.39506e-13 
1.04548e-12 2.22247e-13 
6.82857e-13 1.82313e-13 
6.95341e-13 1.85684e-13 
8.33033e-16 2.8243e-16 
9.28345e-16 3.13725e-16 
9.50211e-16 3.2188e-16 
6.56141e-16 2.16448e-16 
3.41053e-15 1.06722e-15 
6.36119e-16 2.11883e-16 
3.00752e-15 9.48158e-16 
7.11963e-16 2.35803e-16 
4.52833e-15 1.4144e-15 
7.33256e-16 2.44675e-16 
4.45554e-15 1.39082e-15 
5.036e-15 1.56713e-15 
5.39071e-15 1.6763e-15 
1.9403e-15 6.72155e-16 
7.49763e-16 2.50492e-16 
1.70225e-15 5.89205e-16 
1.10938e-15 3.72966e-16 
5.85015e-16 1.95394e-16 
4.16421e-14 1.27527e-14 
3.0622e-15 9.57919e-16 
8.15143e-16 2.67997e-16 
1.15095e-13 3.3784e-14 
2.20874e-14 6.7585e-15 
6.56284e-16 2.15267e-16 
6.39325e-16 2.10787e-16 
8.39567e-16 2.82306e-16 
1.16858e-13 3.28576e-14 
1.76136e-13 4.71316e-14 
2.74981e-13 7.34572e-14 
1.10824e-12 3.00497e-13 
6.44354e-13 1.71731e-13 
2.41548e-13 6.4533e-14 
1.58913e-13 4.25331e-14 
7.45612e-14 2.2071e-14 
1.573e-13 4.22299e-14 
3.14694e-13 8.39662e-14 
8.28439e-13 2.19028e-13 
5.4395e-13 1.45065e-13 
4.89203e-15 1.52757e-15 
7.30017e-13 1.95138e-13 
2.1645e-13 5.78684e-14 
6.32569e-16 2.09629e-16 
1.05868e-14 3.26173e-15 
1.46499e-15 4.64316e-16 
5.30916e-16 1.76779e-16 
5.71721e-16 1.9067e-16 
5.28997e-16 1.75255e-16 
5.94312e-16 1.98594e-16 
6.44748e-15 1.97939e-15 
1.17084e-15 3.72473e-16 
7.80192e-16 2.54296e-16 
1.60831e-15 5.58057e-16 
1.9913e-15 6.9093e-16 
1.60075e-15 5.58788e-16 
1.20027e-15 4.15248e-16 
1.63695e-15 5.69363e-16 
1.42748e-15 4.94494e-16 
1.48429e-15 5.12763e-16 
1.33922e-15 4.67787e-16 
1.19782e-15 4.1701e-16 
1.68713e-15 5.85535e-16 
1.7686e-15 6.18392e-16 
1.64789e-15 5.72102e-16 
1.14516e-15 3.93149e-16 
1.81543e-15 6.33173e-16 
3.02257e-14 9.30966e-15 
2.10878e-14 6.51408e-15 
1.05831e-14 3.27355e-15 
5.39112e-15 1.67978e-15 
3.20316e-14 9.85782e-15 
6.69331e-13 1.78804e-13 
9.85409e-14 2.97579e-14 
2.63101e-13 7.05279e-14 
1.5097e-15 4.84961e-16 
1.76357e-13 4.81068e-14 
7.69053e-15 2.37728e-15 
1.82936e-14 5.64181e-15 
5.86018e-15 1.81996e-15 
1.51498e-13 4.11721e-14 
2.03095e-13 5.42705e-14 
1.97155e-13 5.26895e-14 
1.60016e-13 4.31051e-14 
1.46131e-13 3.92634e-14 
1.7689e-13 4.72691e-14 
1.86891e-13 4.99705e-14 
2.6105e-13 6.97039e-14 
6.53766e-13 1.74435e-13 
3.61632e-13 9.64635e-14 
7.05348e-13 1.8819e-13 
6.28469e-13 1.67616e-13 
3.69033e-13 9.84721e-14 
1.92475e-13 5.15772e-14 
3.07737e-13 8.21401e-14 
1.97499e-13 5.27728e-14 
9.86481e-16 3.14182e-16 
1.32367e-14 4.07624e-15 
1.47056e-14 4.53471e-15 
6.95826e-16 2.29549e-16 
1.15333e-15 3.69029e-16 
1.1082e-14 3.39691e-15 
5.4142e-16 1.81112e-16 
1.78546e-15 5.65206e-16 
5.73536e-13 1.53003e-13 
7.29314e-13 1.94492e-13 
1.01117e-12 1.47121e-13 
4.98923e-13 1.3301e-13 
7.70206e-13 2.0597e-13 
8.23508e-13 1.37736e-13 
6.87915e-13 1.83699e-13 
4.67583e-13 1.24693e-13 
1.05278e-12 2.80185e-13 
4.33942e-11 6.02334e-12 
9.04329e-13 2.41428e-13 
6.44246e-13 1.71895e-13 
1.70039e-13 4.54795e-14 
5.0536e-16 1.6724e-16 
1.84227e-13 5.01506e-14 
3.36391e-13 8.96978e-14 
3.10494e-16 9.27442e-17 
3.82288e-13 1.0203e-13 
1.55585e-13 4.17748e-14 
1.92077e-13 5.12375e-14 
1.94831e-13 5.19948e-14 
9.81488e-14 2.65748e-14 
1.53875e-15 4.88517e-16 
2.71718e-13 7.2488e-14 
3.06388e-12 4.12956e-13 
7.52174e-10 1.07077e-10 
1.25499e-09 1.79646e-10 
6.19598e-11 8.61194e-12 
7.11806e-10 1.01564e-10 
6.10912e-13 1.62874e-13 
7.3326e-13 1.9333e-13 
9.37635e-13 1.90359e-13 
1.60045e-09 2.2885e-10 
1.71073e-09 2.44026e-10 
4.81598e-13 1.28565e-13 
7.97141e-13 2.13787e-13 
7.87548e-13 2.11121e-13 
6.65329e-13 1.77622e-13 
9.21208e-13 2.46213e-13 
3.02349e-10 4.29044e-11 
5.83243e-10 8.33793e-11 
4.14558e-10 5.89945e-11 
2.24617e-12 3.09215e-13 
1.17299e-12 2.53511e-13 
1.88741e-10 2.66521e-11 
7.89649e-13 2.11727e-13 
8.64205e-13 1.52984e-13 
2.96675e-15 9.27049e-16 
5.25433e-16 1.72247e-16 
4.28204e-15 1.32696e-15 
1.22381e-15 3.9296e-16 
1.13817e-15 3.63867e-16 
1.8669e-13 4.992e-14 
7.59867e-16 2.47182e-16 
7.29222e-16 2.44432e-16 
6.19291e-16 2.01993e-16 
1.20016e-15 3.80497e-16 
4.93315e-16 1.64204e-16 
1.07789e-15 3.4476e-16 
1.49262e-15 4.75215e-16 
2.13445e-13 5.70518e-14 
1.41585e-13 3.83396e-14 
2.09352e-13 5.59394e-14 
1.69711e-13 4.5545e-14 
6.04107e-13 1.61118e-13 
5.31147e-13 1.41576e-13 
2.8029e-13 7.47491e-14 
1.87944e-13 5.01813e-14 
1.89219e-13 5.06729e-14 
1.34906e-14 4.15955e-15 
2.09285e-13 5.59038e-14 
7.57684e-13 2.02064e-13 
2.27841e-13 6.08931e-14 
1.53665e-13 4.15694e-14 
1.41463e-13 3.85945e-14 
1.57596e-13 4.21632e-14 
6.70248e-13 1.78908e-13 
3.30032e-13 8.81362e-14 
1.96709e-12 2.69574e-13 
7.97471e-13 2.13669e-13 
7.54405e-13 2.01638e-13 
6.26717e-13 1.67115e-13 
7.79044e-13 2.08755e-13 
7.3287e-12 1.00638e-12 
4.77565e-15 1.476e-15 
7.96322e-15 2.40727e-15 
6.68427e-12 9.11716e-13 
1.30474e-10 1.82775e-11 
5.91361e-13 7.98693e-14 
3.43547e-11 4.72792e-12 
5.99616e-13 9.60081e-14 
2.05897e-13 5.48793e-14 
5.48369e-10 7.77531e-11 
2.86612e-10 4.06034e-11 
1.1073e-09 1.58512e-10 
2.79842e-15 8.77599e-16 
1.44527e-15 4.57278e-16 
1.87263e-14 5.72753e-15 
1.56123e-13 4.19673e-14 
4.93204e-15 1.52524e-15 
1.64712e-13 4.58093e-14 
2.52507e-15 7.93483e-16 
1.21574e-13 3.47706e-14 
1.61712e-14 4.96095e-15 
2.22775e-13 5.95479e-14 
2.13655e-13 5.70727e-14 
1.91877e-13 5.20866e-14 
7.72158e-13 2.0678e-13 
6.9497e-13 1.85619e-13 
1.95751e-10 2.76236e-11 
1.09007e-12 1.51777e-13 
9.83042e-13 1.34998e-13 
8.54073e-10 1.22159e-10 
1.75168e-12 2.38418e-13 
9.52288e-13 1.9852e-13 
1.16135e-09 1.65976e-10 
9.28621e-13 2.13166e-13 
5.5167e-10 7.87154e-11 
1.1589e-09 1.65834e-10 
1.06927e-12 2.19914e-13 
5.64435e-13 1.50552e-13 
7.64845e-13 2.04736e-13 
2.95752e-13 7.89858e-14 
7.72053e-13 2.06636e-13 
6.85638e-13 1.83182e-13 
4.51849e-10 6.43523e-11 
9.67454e-13 1.41647e-13 
3.99289e-10 5.67912e-11 
9.80566e-13 1.89369e-13 
3.97389e-13 1.06037e-13 
9.43401e-13 1.73107e-13 
1.97643e-15 6.8703e-16 
6.58694e-16 2.20414e-16 
1.30494e-15 4.19125e-16 
5.95958e-16 1.9936e-16 
1.66197e-15 5.75247e-16 
6.25521e-16 2.05235e-16 
6.5766e-15 2.02949e-15 
4.31483e-15 1.33724e-15 
7.49629e-16 2.45906e-16 
3.78621e-13 1.00988e-13 
1.26667e-15 4.04972e-16 
1.16799e-13 3.18741e-14 
1.97643e-15 6.25006e-16 
6.53284e-13 1.74584e-13 
8.32235e-13 2.23517e-13 
8.35134e-13 2.24286e-13 
8.02351e-13 2.15236e-13 
7.6104e-13 2.03749e-13 
7.19744e-13 1.9253e-13 
8.14886e-13 2.1871e-13 
8.56044e-13 2.30137e-13 
8.08978e-13 2.17064e-13 
7.19541e-13 1.92652e-13 
8.37704e-13 2.25047e-13 
7.52393e-13 2.01369e-13 
7.42135e-13 1.9867e-13 
2.30783e-12 6.47151e-13 
2.85765e-12 8.05465e-13 
4.15322e-11 5.77103e-12 
1.36853e-12 2.04646e-13 
1.44999e-12 3.60872e-13 
9.29806e-13 2.50709e-13 
9.66281e-13 2.60883e-13 
2.64423e-12 7.38353e-13 
2.20262e-10 3.11848e-11 
2.54222e-12 6.93551e-13 
4.93082e-12 7.06209e-13 
3.0456e-12 8.63139e-13 
3.90316e-13 1.04323e-13 
7.76353e-13 2.08025e-13 
7.25186e-13 1.93945e-13 
5.59725e-13 1.49302e-13 
6.7675e-13 1.80683e-13 
2.69397e-13 7.19888e-14 
8.38576e-13 2.25273e-13 
7.22871e-13 1.93376e-13 
4.61416e-13 1.23063e-13 
3.8945e-15 1.24358e-15 
7.95724e-13 2.13404e-13 
7.99926e-13 2.14513e-13 
1.99409e-14 6.15235e-15 
1.929e-14 5.96122e-15 
4.63154e-14 1.41835e-14 
9.61126e-15 2.98241e-15 
5.1273e-14 1.55693e-14 
2.11694e-14 6.52152e-15 
1.28523e-14 3.97098e-15 
2.63858e-13 7.04443e-14 
1.53659e-13 4.34508e-14 
1.79381e-13 4.81229e-14 
1.21791e-12 2.79075e-13 
7.44933e-13 1.99406e-13 
8.10322e-13 2.17219e-13 
7.61204e-13 2.02491e-13 
7.48444e-10 1.07077e-10 
7.35342e-13 1.96506e-13 
2.88145e-12 3.95884e-13 
7.83356e-13 2.09641e-13 
8.14855e-10 1.16522e-10 
8.72921e-10 1.24658e-10 
5.16338e-10 7.36529e-11 
9.30779e-13 2.50242e-13 
4.91064e-10 7.01066e-11 
1.12029e-12 3.00958e-13 
1.40756e-11 1.93727e-12 
1.10944e-09 1.58826e-10 
1.51954e-10 2.14014e-11 
2.16722e-11 2.99112e-12 
5.63945e-10 8.05476e-11 
7.38868e-10 1.05724e-10 
6.35794e-11 8.85801e-12 
1.05322e-09 1.5084e-10 
6.80519e-13 1.81684e-13 
5.47012e-13 1.46011e-13 
5.85082e-13 1.56183e-13 
1.01571e-12 2.7364e-13 
5.11384e-13 1.3633e-13 
1.47027e-14 4.54039e-15 
6.73948e-13 1.79112e-13 
4.02028e-13 1.07239e-13 
5.2509e-13 1.40126e-13 
2.41197e-13 6.44131e-14 
5.15429e-13 1.37466e-13 
6.87912e-13 1.83649e-13 
1.76296e-13 4.71206e-14 
2.22089e-13 5.93026e-14 
8.18137e-16 2.69016e-16 
6.4283e-15 2.01372e-15 
4.93886e-15 1.61137e-15 
4.89642e-14 1.49598e-14 
2.98282e-15 9.69023e-16 
1.04107e-14 3.23419e-15 
1.24827e-14 3.87805e-15 
1.74712e-15 6.0235e-16 
1.69831e-15 5.88967e-16 
1.80954e-15 6.26051e-16 
1.74446e-15 6.03519e-16 
1.7684e-15 6.12915e-16 
1.92133e-15 6.67517e-16 
2.72205e-15 8.63584e-16 
5.13524e-14 1.54588e-14 
7.89121e-16 2.58634e-16 
1.2774e-15 4.11853e-16 
9.57475e-14 2.70293e-14 
1.68448e-13 4.54404e-14 
4.68167e-15 1.44465e-15 
4.41776e-15 1.37688e-15 
3.43208e-15 1.07917e-15 
1.45814e-13 3.90396e-14 
1.09721e-13 3.07621e-14 
4.20566e-15 1.30924e-15 
3.74383e-15 1.16173e-15 
5.12956e-13 1.36858e-13 
2.24197e-13 5.98638e-14 
5.09241e-13 1.35898e-13 
5.06523e-13 1.35216e-13 
2.0316e-13 5.44321e-14 
5.01249e-13 1.33693e-13 
2.1992e-13 5.87052e-14 
7.16335e-13 1.91486e-13 
1.69388e-13 4.53521e-14 
5.00669e-13 1.33561e-13 
5.87463e-13 1.56725e-13 
7.16622e-13 1.9141e-13 
5.73361e-13 1.52983e-13 
5.48307e-13 1.46264e-13 
3.45503e-11 4.785e-12 
7.11287e-10 1.01574e-10 
2.07007e-13 5.5334e-14 
6.83919e-13 1.82614e-13 
5.77809e-13 1.54092e-13 
7.88184e-13 2.10968e-13 
5.12557e-10 7.30059e-11 
6.21555e-13 1.65765e-13 
6.9101e-13 1.84427e-13 
7.02408e-13 1.87417e-13 
5.63174e-10 8.03102e-11 
3.49064e-10 4.95397e-11 
4.76959e-12 6.50773e-13 
2.33616e-10 3.30068e-11 
4.32826e-11 6.00586e-12 
8.63612e-10 1.23564e-10 
9.1586e-10 1.31046e-10 
5.22582e-10 7.43514e-11 
1.21023e-10 1.69779e-11 
4.94598e-10 7.04115e-11 
7.48888e-10 1.0702e-10 
8.73728e-10 1.24958e-10 
9.85649e-10 1.41143e-10 
1.62395e-09 2.32208e-10 
1.62173e-11 2.23211e-12 
8.95307e-13 2.35186e-13 
3.59411e-10 5.10841e-11 
6.40433e-10 9.14582e-11 
6.98108e-13 1.86693e-13 
4.15435e-15 1.3363e-15 
1.61512e-14 5.11368e-15 
7.49732e-15 2.3237e-15 
2.7148e-15 8.60014e-16 
4.63874e-15 1.44894e-15 
6.18902e-15 2.02875e-15 
5.56555e-14 1.66457e-14 
1.67369e-13 4.49186e-14 
5.68056e-15 1.76039e-15 
9.4217e-15 2.91023e-15 
3.12154e-14 9.43317e-15 
1.96722e-14 6.08011e-15 
6.53853e-15 2.02922e-15 
4.36989e-10 6.2209e-11 
4.71101e-10 6.71443e-11 
6.95762e-10 9.952e-11 
7.95609e-10 1.13813e-10 
7.53993e-10 1.07928e-10 
8.55257e-10 1.22413e-10 
6.78932e-10 9.70523e-11 
7.41371e-10 1.06043e-10 
5.78347e-16 1.94916e-16 
6.57743e-16 2.21445e-16 
1.3879e-15 4.36293e-16 
1.38676e-15 4.38574e-16 
1.38686e-13 3.71675e-14 
7.99127e-16 2.55966e-16 
1.47923e-15 4.70484e-16 
3.54387e-15 1.09554e-15 
6.38285e-16 2.15278e-16 
5.38962e-16 1.78766e-16 
2.99247e-15 9.28887e-16 
1.23284e-14 3.786e-15 
1.59854e-15 5.03742e-16 
7.81095e-16 2.60196e-16 
1.59722e-15 5.18312e-16 
8.13131e-16 2.67983e-16 
5.82712e-16 1.94167e-16 
8.72265e-16 2.92322e-16 
6.86304e-16 2.24816e-16 
6.47871e-16 2.16915e-16 
1.57893e-15 5.03672e-16 
1.02564e-15 3.29088e-16 
9.01404e-16 2.93431e-16 
6.81218e-16 2.2993e-16 
6.71427e-16 2.27155e-16 
1.36066e-14 4.14998e-15 
1.04022e-12 2.72973e-13 
1.41818e-14 4.37897e-15 
3.14419e-15 9.88704e-16 
7.03204e-13 1.87857e-13 
3.82871e-13 1.02137e-13 
2.56378e-13 6.84437e-14 
7.11199e-13 1.90093e-13 
1.55493e-13 4.16378e-14 
7.33906e-13 1.96327e-13 
1.97756e-13 5.28162e-14 
8.29323e-13 2.22493e-13 
6.8922e-13 1.84066e-13 
6.87244e-13 1.83759e-13 
2.91146e-13 7.77776e-14 
6.24058e-13 1.66445e-13 
4.49688e-10 6.40607e-11 
7.06208e-13 1.88821e-13 
6.28615e-13 1.67659e-13 
7.51001e-13 1.90637e-13 
1.11238e-12 1.60654e-13 
1.06501e-09 1.52547e-10 
1.77647e-12 2.56095e-13 
8.97434e-13 2.40731e-13 
7.6402e-13 2.04551e-13 
9.42999e-13 2.5146e-13 
4.08996e-13 1.0912e-13 
2.86557e-11 3.96179e-12 
8.70057e-13 2.33898e-13 
5.46655e-13 1.45754e-13 
7.11067e-13 1.85988e-13 
3.45232e-10 4.88667e-11 
6.89123e-13 1.83549e-13 
5.78028e-13 1.53602e-13 
2.20461e-10 3.11275e-11 
4.52821e-10 6.43876e-11 
7.97599e-10 1.13686e-10 
3.67104e-10 5.20407e-11 
7.19174e-10 1.02806e-10 
6.80358e-13 1.8157e-13 
7.03631e-13 1.87746e-13 
1.03809e-10 1.45395e-11 
6.58901e-13 1.75892e-13 
5.96789e-13 1.59219e-13 
4.72399e-13 1.25908e-13 
5.97651e-13 1.59306e-13 
7.33812e-13 1.9606e-13 
3.29105e-12 4.5115e-13 
1.28218e-11 1.76406e-12 
7.82174e-13 1.49997e-13 
8.95428e-13 2.26772e-13 
5.18289e-13 1.3817e-13 
6.61726e-10 9.4569e-11 
1.16017e-09 1.6592e-10 
3.2135e-11 4.44989e-12 
3.97782e-13 1.06077e-13 
6.60773e-13 1.76307e-13 
1.82905e-12 2.48145e-13 
1.09346e-09 1.56077e-10 
9.64526e-11 1.34862e-11 
2.02288e-12 2.75087e-13 
5.43568e-10 7.75e-11 
7.9375e-15 2.44835e-15 
2.65664e-13 7.097e-14 
