0.0180997 0.0118021 
0.481187 0.406694 
0.458362 0.383831 
0.260365 0.199776 
0.269048 0.207298 
0.0505165 0.0343169 
0.386762 0.314274 
0.492416 0.418065 
0.43609 0.361841 
0.498433 0.42419 
0.202003 0.15077 
0.114789 0.0817394 
0.214658 0.161281 
0.49576 0.421466 
0.449279 0.374824 
0.198998 0.148287 
0.442522 0.368159 
0.0572578 0.0391726 
0.505502 0.431416 
0.366257 0.294971 
0.284782 0.221051 
0.411873 0.338295 
0.478675 0.404162 
0.472594 0.398048 
0.50217 0.428006 
0.364879 0.293679 
0.200813 0.149798 
0.00281104 0.00172143 
0.418568 0.344765 
3.15932e-06 1.48463e-06 
0.171921 0.126409 
0.481096 0.406603 
0.496972 0.422701 
0.455484 0.380971 
0.487278 0.412852 
0.487045 0.412616 
0.166953 0.122457 
5.21116e-10 1.94896e-10 
0.478095 0.403578 
0.282372 0.218941 
0.209976 0.157469 
0.000819763 0.00048208 
0.445318 0.370913 
0.436275 0.362025 
0.489382 0.414985 
3.60821e-06 1.71314e-06 
0.390869 0.318178 
0.305134 0.239085 
0.183133 0.135438 
0.463479 0.388928 
0.327478 0.259214 
0.427264 0.353215 
0.19464 0.144767 
0.490203 0.415818 
0.498459 0.424217 
0.375387 0.303538 
0.0364388 0.0244341 
0.210157 0.157474 
0.50348 0.429346 
6.65161e-12 2.19103e-12 
0.387505 0.314978 
0.331797 0.26314 
0.457043 0.382521 
0.184359 0.13648 
0.492521 0.418171 
0.140625 0.101602 
0.48246 0.40798 
0.460929 0.386386 
0.433865 0.359662 
0.286443 0.222493 
0.449722 0.375263 
0.455757 0.381243 
0.473067 0.398523 
0.00369165 0.0022956 
0.484735 0.410279 
0.444961 0.370562 
0.276079 0.213425 
0.0125009 0.00809552 
0.152164 0.110724 
0.498616 0.424377 
0.495656 0.421361 
0.500348 0.426145 
0.455425 0.380912 
0.00759209 0.0048284 
0.459375 0.384838 
0.0842515 0.0588617 
0.475172 0.400637 
0.406205 0.332837 
0.3022 0.236436 
0.481325 0.406834 
0.4852 0.410749 
0.00256872 0.00157689 
8.42216e-08 3.65506e-08 
0.357439 0.286747 
0.414032 0.340379 
0.00107607 0.000640514 
0.152082 0.11071 
0.208862 0.156423 
0.0502972 0.0341534 
3.08746e-09 1.24401e-09 
0.378172 0.306153 
0.479042 0.404532 
0.486225 0.411786 
0.420732 0.346862 
0.2161 0.162381 
0.29768 0.232425 
0.125085 0.0896353 
0.496221 0.421936 
4.28688e-06 2.04857e-06 
1.54511e-07 6.70455e-08 
0.286535 0.222582 
0.447639 0.373204 
0.441357 0.367013 
0.502235 0.428073 
0.499705 0.425488 
0.482071 0.407587 
2.32724e-09 9.12669e-10 
0.0966556 0.0680569 
0.093983 0.0660603 
0.0118494 0.00765913 
0.239929 0.182431 
0.41813 0.344342 
0.0379038 0.0254418 
0.481828 0.407342 
0.238026 0.180783 
0.453776 0.379276 
0.369773 0.298262 
0.427066 0.353023 
0.48471 0.410253 
0.152105 0.11067 
9.12288e-06 4.47866e-06 
0.236804 0.179739 
0.0587259 0.0402133 
0.245812 0.187392 
0.0131217 0.00847448 
0.487627 0.413206 
0.274424 0.211963 
0.508334 0.434319 
0.0824972 0.0575273 
0.45353 0.379034 
0.499601 0.425382 
3.39483e-06 1.59437e-06 
0.468346 0.393791 
0.502053 0.427887 
0.487543 0.41312 
0.492034 0.417676 
0.498865 0.424631 
0.477401 0.40288 
0.339663 0.270334 
0.467692 0.393136 
0.189304 0.140415 
0.292639 0.227962 
0.000884626 0.000522308 
0.327649 0.259364 
0.154198 0.112312 
0.331289 0.262678 
0.397902 0.324886 
0.351536 0.281286 
0.0221782 0.0145907 
0.37582 0.303939 
0.476621 0.402095 
0.305043 0.238971 
0.467054 0.392499 
0.40705 0.333648 
0.00205063 0.00125149 
0.449846 0.375385 
0.506228 0.43216 
0.479678 0.405173 
0.358376 0.287631 
0.0121612 0.00786267 
0.312478 0.245645 
0.000293231 0.000165313 
0.342671 0.273094 
0.356178 0.285571 
0.50534 0.43125 
0.459183 0.384648 
0.440478 0.366148 
0.401032 0.327873 
0.251391 0.192099 
0.0237403 0.0156721 
1.40659e-05 6.9665e-06 
0.000628723 0.000364666 
0.0450491 0.0304918 
0.380022 0.307897 
0.365264 0.294035 
0.314851 0.247777 
0.20696 0.154869 
0.483181 0.408707 
1.15192e-07 5.0658e-08 
0.280041 0.216869 
0.0450518 0.0304852 
0.005662 0.00358907 
4.55823e-07 2.03794e-07 
0.493539 0.419206 
0.0138329 0.00897747 
0.390497 0.317824 
0.458581 0.384049 
0.481252 0.40676 
0.497342 0.423078 
0.432677 0.3585 
0.233827 0.177169 
0.474557 0.400019 
0.352538 0.282197 
0.226727 0.171283 
0.483122 0.408648 
0.00504941 0.00318117 
0.487556 0.413134 
0.330506 0.261968 
0.256523 0.196481 
0.279629 0.216524 
0.249777 0.190746 
0.296206 0.231118 
0.488588 0.414179 
1.28988e-05 6.42178e-06 
0.00445724 0.00278611 
0.00498805 0.0031129 
0.378808 0.306822 
0.495924 0.421633 
0.271041 0.209019 
0.104795 0.0741844 
0.136752 0.0986304 
0.470805 0.396254 
0.406558 0.333175 
0.050333 0.03424 
0.49807 0.42382 
7.09417e-06 3.45278e-06 
0.341308 0.271844 
0.443674 0.369293 
0.32506 0.257012 
0.494182 0.41986 
0.0034165 0.00212069 
0.468578 0.394023 
0.495468 0.421169 
0.233917 0.177276 
0.481228 0.406736 
0.34133 0.27187 
0.383256 0.310963 
0.464968 0.390415 
0.480586 0.406088 
0.32076 0.253116 
4.63363e-10 1.70577e-10 
0.475994 0.401464 
0.322737 0.254906 
1.74981e-05 8.77218e-06 
0.397249 0.324257 
0.199583 0.148809 
0.050268 0.0341865 
0.220869 0.166369 
0.113695 0.0808984 
0.354355 0.283885 
0.26469 0.20358 
0.506588 0.432529 
0.216007 0.162359 
0.337105 0.267987 
0.100694 0.0710972 
0.128826 0.0925524 
0.280281 0.217079 
0.500282 0.426077 
0.351545 0.281289 
0.459144 0.384608 
0.378681 0.306636 
0.460303 0.385763 
1.62346e-05 8.08531e-06 
0.382337 0.310087 
0.147763 0.107209 
0.0013264 0.00079513 
0.00912438 0.00584782 
0.00787302 0.00502732 
0.41932 0.345497 
0.505896 0.43182 
0.394886 0.322001 
0.468881 0.394326 
0.436924 0.362658 
0.471522 0.396973 
0.045021 0.0304575 
0.3529 0.282543 
0.490537 0.416157 
0.362803 0.29174 
0.391275 0.318594 
0.20717 0.155037 
0.366709 0.295396 
0.0114034 0.00734146 
0.503782 0.429655 
0.453781 0.379281 
0.490302 0.415918 
0.284802 0.221105 
3.54302e-05 1.83236e-05 
4.04425e-07 1.7954e-07 
0.120556 0.0861453 
0.00125978 0.000749749 
0.481448 0.406958 
0.389814 0.317173 
0.00268568 0.00163693 
0.435018 0.36079 
0.476517 0.401989 
1.2093e-05 6.04512e-06 
0.376136 0.304236 
0.439032 0.364728 
1.51127e-06 7.03338e-07 
0.240145 0.182538 
0.258546 0.198262 
0.500596 0.426398 
0.394265 0.321417 
0.389701 0.317067 
0.364752 0.29356 
0.374289 0.302496 
0.462208 0.387659 
3.88003e-05 2.00226e-05 
0.364351 0.293186 
0.387615 0.315087 
0.440596 0.366264 
0.458029 0.3835 
0.495494 0.421195 
1.02434e-06 4.68842e-07 
0.472068 0.397521 
0.276064 0.213429 
0.487398 0.412974 
0.325692 0.25759 
2.87962e-10 9.51507e-11 
0.447921 0.373482 
0.495381 0.421081 
0.209159 0.15668 
0.156391 0.114036 
0.33421 0.265341 
0.237081 0.179935 
0.190739 0.141573 
0.30673 0.240545 
0.340271 0.270896 
0.497121 0.422853 
0.503043 0.428899 
0.261482 0.200756 
0.30812 0.24173 
0.165922 0.121591 
0.136323 0.098317 
2.48783e-08 1.03081e-08 
0.270992 0.208988 
0.498346 0.424101 
0.439301 0.364991 
0.447426 0.372994 
0.144215 0.10443 
0.00125351 0.000744129 
0.364782 0.293588 
0.419554 0.34573 
0.0173893 0.0113924 
0.502056 0.42789 
0.503463 0.429328 
0.462027 0.387483 
0.33191 0.26324 
0.49376 0.419431 
0.469586 0.395033 
0.464544 0.38999 
0.0904131 0.0633553 
0.316797 0.249552 
0.486178 0.411738 
0.445254 0.370851 
0.376292 0.304385 
0.504662 0.430556 
0.32912 0.260699 
0.445753 0.371343 
0.485136 0.410684 
0.486755 0.412323 
0.232682 0.176299 
0.0531102 0.0362071 
0.262909 0.201978 
0.411716 0.338141 
0.46868 0.394128 
0.172881 0.127175 
0.496022 0.421733 
0.500061 0.425851 
1.1052e-09 3.88665e-10 
0.505398 0.43131 
0.486946 0.412516 
0.490008 0.415619 
0.503411 0.429276 
0.477918 0.4034 
0.149468 0.108542 
0.000971427 0.000572592 
0.499953 0.425741 
0.469209 0.394655 
0.104419 0.0738219 
0.499792 0.425577 
0.358084 0.287353 
0.423372 0.349427 
0.00888867 0.00569547 
0.484752 0.410296 
0.505703 0.431622 
0.11461 0.0816075 
6.51249e-05 3.44243e-05 
0.345882 0.276054 
0.494364 0.420045 
0.481449 0.40696 
0.296696 0.231569 
0.379425 0.307336 
0.486582 0.412148 
4.40075e-06 2.10091e-06 
0.423677 0.349723 
0.495602 0.421305 
0.385153 0.312749 
0.496281 0.421996 
0.444428 0.370036 
0.421595 0.347701 
0.40881 0.33534 
0.489186 0.414785 
0.177991 0.131254 
0.163612 0.119781 
0.267923 0.206325 
2.764e-06 1.31768e-06 
0.505653 0.431571 
0.466169 0.391613 
0.421858 0.347958 
0.06769 0.0466577 
0.0686101 0.0473393 
0.371166 0.299563 
0.24032 0.182705 
0.494354 0.420036 
0.186496 0.138115 
0.00188763 0.00114391 
2.49356e-11 8.67623e-12 
0.234555 0.177848 
0.24037 0.182753 
0.36307 0.291992 
0.391887 0.319149 
0.387484 0.31496 
0.48837 0.413958 
0.291881 0.227282 
0.45505 0.38054 
0.247092 0.188437 
0.369575 0.298071 
0.505846 0.431769 
0.379535 0.307438 
0.477004 0.40248 
0.30265 0.236899 
0.456882 0.382359 
0.0498412 0.0338804 
0.296752 0.23161 
0.502379 0.42822 
0.269178 0.207426 
0.0983913 0.0693587 
0.479953 0.40545 
0.495167 0.420863 
0.311067 0.24437 
0.293067 0.228362 
0.0110689 0.00712633 
0.24026 0.182636 
0.245426 0.187083 
0.000201129 0.000111631 
0.386494 0.31402 
0.0199418 0.0130769 
0.504368 0.430255 
0.0986478 0.0695774 
0.306279 0.240088 
0.495551 0.421253 
0.0617582 0.0423762 
0.387787 0.315247 
0.493873 0.419546 
0.452827 0.378336 
0.437878 0.363594 
0.122292 0.087444 
0.506162 0.432092 
0.507376 0.433337 
0.221665 0.167037 
0.146221 0.106006 
0.275953 0.213291 
0.152351 0.110787 
0.00492637 0.0030992 
0.240656 0.18297 
0.0175244 0.0114612 
0.30771 0.241363 
0.326337 0.258167 
0.421236 0.347352 
0.00400814 0.00250614 
0.303876 0.237932 
0.304524 0.23851 
0.365463 0.294222 
0.39014 0.317481 
0.404613 0.331305 
0.348383 0.278355 
0.00210893 0.00128575 
3.62633e-05 1.86917e-05 
0.451852 0.377371 
0.0602159 0.0412749 
0.25431 0.1946 
0.294759 0.229829 
0.22796 0.172302 
0.0120526 0.00779058 
0.233708 0.177229 
0.281946 0.218564 
0.329377 0.260932 
0.00656663 0.00416986 
0.203736 0.15221 
0.36227 0.291242 
0.000813625 0.000479268 
0.448092 0.373651 
0.0299727 0.0199674 
0.0556247 0.0379738 
0.301761 0.236056 
0.456166 0.381648 
0.326009 0.257867 
0.283733 0.220106 
0.400936 0.327782 
0.490322 0.415939 
0.0286832 0.019032 
0.416036 0.342313 
0.481474 0.406984 
0.374949 0.303118 
0.417956 0.344172 
0.168517 0.123706 
0.250835 0.191632 
0.437904 0.363621 
0.288431 0.22423 
0.237339 0.180174 
0.267553 0.206003 
0.289452 0.225141 
0.300524 0.234958 
0.26108 0.200442 
0.394878 0.321994 
0.0048083 0.00301637 
0.00840487 0.00539488 
0.141251 0.102099 
0.32865 0.260274 
0.435149 0.360919 
0.0480133 0.0325912 
0.492813 0.418468 
0.316488 0.249264 
0.0326205 0.0217769 
0.489559 0.415165 
0.380882 0.308708 
0.150289 0.109268 
0.0804885 0.0560614 
0.354724 0.284228 
0.50612 0.432049 
0.502795 0.428646 
0.498948 0.424715 
0.502797 0.428647 
0.502472 0.428315 
0.499594 0.425375 
0.43742 0.363144 
0.30751 0.241198 
0.251723 0.192398 
0.502151 0.427986 
0.47241 0.397863 
0.290378 0.225947 
0.111188 0.0790113 
0.428012 0.353943 
0.297693 0.232436 
0.000203429 0.000112963 
0.00167885 0.00101449 
0.0629569 0.0432775 
0.368671 0.297225 
0.437132 0.362863 
0.307366 0.241056 
0.338537 0.269303 
0.234975 0.178184 
0.28488 0.221129 
1.29314e-05 6.42866e-06 
0.05878 0.0402804 
0.247187 0.188524 
0.378736 0.306688 
0.493788 0.419459 
0.487898 0.41348 
0.36492 0.293714 
0.359833 0.288972 
0.473209 0.398665 
0.0400454 0.0269707 
0.270404 0.208471 
0.304666 0.238638 
0.338841 0.269585 
0.409807 0.336303 
0.322149 0.254371 
0.480397 0.405898 
0.447713 0.373277 
0.0736367 0.0510503 
0.122317 0.0874875 
0.00688877 0.00437363 
0.238197 0.180894 
0.323798 0.255864 
0.317059 0.249765 
0.383114 0.310818 
0.276953 0.214149 
0.502379 0.42822 
0.507028 0.43298 
0.459635 0.385096 
0.406918 0.333521 
0.254544 0.194806 
0.185376 0.137226 
0.261815 0.201024 
0.445999 0.371585 
0.364387 0.293217 
0.191152 0.141908 
0.000179163 9.89034e-05 
0.237948 0.180679 
0.495626 0.42133 
0.479848 0.405344 
0.413888 0.340238 
0.416791 0.343044 
0.39161 0.31888 
0.174441 0.128381 
0.338193 0.268984 
0.251731 0.192414 
0.315158 0.248061 
0.137436 0.0991685 
0.223839 0.168848 
0.000404027 0.000230806 
0.330342 0.261813 
0.0025295 0.0015507 
0.0374587 0.0251636 
0.00490905 0.0030792 
0.207288 0.155111 
0.0744795 0.0516448 
0.00483268 0.00303942 
0.494193 0.419872 
0.454585 0.380079 
0.179844 0.132769 
0.137343 0.0991049 
0.191799 0.142449 
0.000281371 0.000158285 
6.55371e-06 3.14864e-06 
0.349961 0.279818 
0.381104 0.308919 
0.289113 0.22483 
0.447407 0.372975 
0.505846 0.431769 
0.197356 0.146953 
0.00687297 0.00433918 
0.256228 0.196242 
0.496406 0.422124 
0.429975 0.355859 
0.23563 0.178786 
0.503894 0.42977 
0.34624 0.276396 
0.473178 0.398634 
0.302463 0.236695 
0.00235067 0.00144075 
4.67266e-05 2.42663e-05 
8.53155e-10 1.22463e-10 
0.0648602 0.0446103 
0.43791 0.363626 
0.487715 0.413295 
0.386781 0.314292 
0.156749 0.114293 
0.259601 0.199131 
0.28931 0.225 
0.312747 0.245874 
0.151523 0.110176 
0.397748 0.324731 
0.0372844 0.0250244 
0.363724 0.292598 
0.0507102 0.0345047 
0.285126 0.221323 
0.496148 0.421862 
0.234991 0.178237 
0.246347 0.187808 
0.498952 0.42472 
0.502272 0.428111 
0.339812 0.270475 
0.166423 0.122011 
0.261625 0.200899 
0.292924 0.228225 
0.00774751 0.00492442 
0.333277 0.264493 
0.015607 0.0101952 
0.0207866 0.0136923 
0.123638 0.0885273 
0.216902 0.163087 
0.490939 0.416565 
0.0787723 0.0548128 
2.46849e-05 1.25724e-05 
0.0737129 0.0510907 
1.02337e-06 4.6645e-07 
0.0552368 0.0377373 
0.00691761 0.00439738 
0.236548 0.179536 
2.46472e-06 1.14629e-06 
0.0185635 0.0121299 
2.47609e-07 1.08547e-07 
0.266877 0.205423 
0.00830366 0.00528943 
0.281873 0.218485 
6.34448e-10 2.39547e-10 
0.000405729 0.000232088 
0.0856476 0.05984 
3.96129e-05 2.04929e-05 
1.33286e-05 6.59207e-06 
2.10506e-05 1.06045e-05 
6.01798e-06 2.89126e-06 
3.00321e-10 1.10521e-10 
0.000353462 0.000200886 
0.489128 0.414727 
0.192112 0.142699 
0.49354 0.419207 
0.30353 0.237627 
1.75013e-09 6.82595e-10 
0.447804 0.373367 
0.42201 0.348104 
0.328544 0.260175 
0.29999 0.234473 
0.157375 0.114803 
6.69399e-06 3.22041e-06 
0.000236726 0.000132358 
0.128138 0.0919728 
0.256426 0.196419 
0.055333 0.0378059 
0.0812766 0.0566455 
2.16057e-06 1.00057e-06 
0.186969 0.138518 
1.18681e-06 5.46508e-07 
7.20793e-05 3.82951e-05 
4.2177e-06 1.99958e-06 
0.00017255 9.51179e-05 
1.00723e-06 4.57045e-07 
0.00129684 0.000777233 
0.140956 0.101837 
5.70901e-07 2.52376e-07 
0.309468 0.242949 
0.0364416 0.0244345 
0.220177 0.16577 
0.198635 0.148 
0.178749 0.131848 
5.11821e-05 2.6736e-05 
0.00802448 0.0051224 
0.000213776 0.000118941 
0.017197 0.0112463 
0.00105412 0.000626617 
0.00631021 0.00400822 
0.0373541 0.025063 
0.00109016 0.000648946 
9.28196e-09 3.73126e-09 
0.0784326 0.0545044 
0.442963 0.368593 
1.13597e-05 5.5783e-06 
0.217287 0.163402 
0.353093 0.282722 
0.49991 0.425698 
0.391221 0.318511 
0.098304 0.0692741 
0.357918 0.287193 
0.260336 0.199803 
0.414156 0.340497 
0.483661 0.409193 
0.463743 0.389191 
0.283287 0.219736 
0.313265 0.24636 
0.329982 0.261487 
0.50464 0.430533 
0.00116589 0.000695955 
0.381366 0.309167 
0.250726 0.191529 
0.279257 0.216181 
0.267221 0.205703 
0.190224 0.141159 
0.254406 0.194681 
0.20245 0.151138 
0.115945 0.082644 
0.34604 0.276198 
0.18924 0.140354 
0.278095 0.215159 
0.189631 0.140661 
0.346485 0.276608 
0.274674 0.212176 
0.289231 0.224936 
0.290361 0.225937 
0.147153 0.106739 
0.205393 0.153552 
0.23581 0.178881 
0.172169 0.126592 
0.223844 0.168853 
0.212857 0.159715 
0.453002 0.378509 
0.41088 0.337335 
0.4817 0.407212 
0.325979 0.257843 
0.301423 0.235743 
0.355743 0.28517 
0.269049 0.207286 
0.223807 0.168811 
0.284628 0.220882 
0.225047 0.169842 
0.0805246 0.0560927 
0.00516665 0.00325531 
0.46995 0.395397 
0.490677 0.416299 
0.433698 0.359498 
0.191145 0.141896 
0.114816 0.0817835 
0.317862 0.250488 
0.33479 0.265868 
0.270758 0.208775 
0.485639 0.411193 
0.410973 0.337425 
0.446037 0.371622 
0.449528 0.37507 
0.309876 0.243311 
0.367231 0.295876 
0.358088 0.287347 
0.300681 0.235095 
0.439469 0.365157 
0.297388 0.232159 
0.385887 0.313445 
0.43728 0.363008 
0.176478 0.130061 
0.000602386 0.000349327 
0.210466 0.15772 
0.0247742 0.0163611 
0.196855 0.146541 
0.031701 0.0211278 
0.00537968 0.00338354 
0.388706 0.316119 
5.64052e-07 2.52533e-07 
0.204671 0.152945 
0.459252 0.384716 
0.18476 0.136735 
0.26144 0.200723 
0.254397 0.19467 
0.136657 0.0985701 
0.0164549 0.0107217 
0.00036516 0.000207518 
0.109752 0.0779346 
0.0475221 0.0322206 
0.273725 0.211368 
0.115729 0.0825095 
0.476472 0.401944 
0.473781 0.39924 
0.457545 0.383019 
0.504334 0.43022 
0.322389 0.254584 
0.494445 0.420128 
0.265899 0.204556 
0.441908 0.367555 
0.501928 0.427759 
0.50723 0.433187 
0.490757 0.41638 
0.497599 0.42334 
0.334824 0.265902 
0.489583 0.415189 
0.345686 0.275879 
0.444469 0.370077 
0.489914 0.415525 
0.342611 0.273043 
0.112742 0.0801907 
0.483546 0.409076 
0.391032 0.318332 
0.311338 0.244635 
0.259349 0.198966 
0.496039 0.42175 
0.309645 0.243099 
0.104409 0.0738785 
0.252646 0.193148 
0.375765 0.303884 
0.286961 0.222942 
0.00163475 0.000988357 
0.00960066 0.00617319 
1.70363e-06 7.83497e-07 
0.224128 0.169089 
0.144603 0.104765 
0.191177 0.141901 
0.242925 0.184894 
0.0801246 0.0557874 
0.494319 0.42 
0.483398 0.408927 
0.434966 0.36074 
0.0968666 0.0682038 
0.00145473 0.000874944 
0.120071 0.0857326 
0.340474 0.271077 
0.0832998 0.0581291 
0.378492 0.306454 
0.310845 0.24418 
0.224147 0.16911 
0.340547 0.271144 
0.00352422 0.00219519 
0.115922 0.0825865 
0.331872 0.263204 
0.0130193 0.00845372 
0.313574 0.246629 
0.121316 0.086721 
0.485617 0.411171 
0.334055 0.265201 
0.136933 0.0987626 
0.142009 0.102701 
0.000122534 6.65155e-05 
0.146962 0.106616 
0.14955 0.108633 
0.340318 0.270934 
0.506232 0.432164 
0.467647 0.393091 
0.432497 0.358323 
0.492865 0.418521 
0.418243 0.34445 
0.224348 0.169269 
0.380868 0.308698 
0.265508 0.204205 
0.152736 0.111156 
0.502154 0.427989 
0.453004 0.378512 
0.441872 0.367519 
0.324287 0.256305 
0.203055 0.151588 
0.456666 0.382145 
0.124576 0.0892046 
0.255393 0.195515 
0.496829 0.422556 
0.311477 0.244738 
0.403129 0.329882 
0.013793 0.00896238 
0.467707 0.393152 
0.461042 0.386497 
0.400658 0.327517 
0.269887 0.208008 
0.357052 0.286386 
0.470445 0.395893 
0.414675 0.340999 
0.446463 0.372043 
0.492678 0.418331 
0.495546 0.421248 
0.414117 0.340458 
0.479985 0.405482 
0.366003 0.294728 
0.384939 0.312547 
0.445371 0.370966 
0.489139 0.414738 
0.388011 0.315461 
0.388935 0.316336 
0.313736 0.246789 
0.483997 0.409533 
0.379138 0.307064 
0.503695 0.429566 
0.33993 0.270582 
0.497212 0.422946 
0.288577 0.224361 
0.499349 0.425125 
0.036163 0.0242436 
0.315242 0.248129 
0.479243 0.404734 
0.45973 0.385191 
0.000769342 0.000451885 
1.18727e-05 5.84905e-06 
0.0918667 0.0644466 
0.309245 0.24274 
0.325557 0.257457 
0.0279731 0.0185691 
3.84599e-06 1.82016e-06 
0.109375 0.077519 
1.54682e-09 4.48008e-10 
0.261872 0.201093 
0.313619 0.246663 
0.273836 0.211443 
1.26316e-08 4.73236e-09 
6.15513e-05 3.24119e-05 
6.53478e-06 3.14063e-06 
0.00154744 0.000932453 
0.213016 0.159824 
0.33038 0.261846 
0.263622 0.202583 
0.00204154 0.00124528 
0.0680074 0.0468897 
0.106204 0.0752393 
0.268078 0.206444 
0.0951856 0.0669057 
0.0018602 0.00113128 
0.0261199 0.0172956 
0.357154 0.286478 
0.000285343 0.000160614 
0.000321662 0.000181966 
1.80088e-09 6.81809e-10 
0.000533548 0.000308469 
0.00145454 0.000875415 
3.18505e-12 8.95522e-13 
3.08484e-06 1.44342e-06 
0.401919 0.328723 
0.0060527 0.00382018 
0.355429 0.284878 
0.00119379 0.000712485 
0.101958 0.0720213 
0.233278 0.176735 
0.225608 0.170283 
0.374549 0.302741 
0.15643 0.114009 
0.19142 0.142126 
0.456509 0.381989 
0.0016086 0.000972365 
