-6.87084 -18.2391 
-1.99189 -17.1029 
-5.50031 -17.3801 
-3.42463 -16.9555 
-6.79436 -18.2701 
-7.05805 -18.271 
-2.87218 -16.9381 
-2.66726 -17.0241 
-2.60393 -17.0973 
-3.82492 -16.3883 
-6.73371 -18.2207 
-6.87752 -18.2127 
-6.81862 -18.2165 
-2.59028 -16.8596 
-2.88552 -17.025 
-4.97818 -17.8442 
-6.39917 -17.9609 
-6.86747 -18.2566 
-2.17102 -16.5849 
-2.88799 -16.9349 
-6.71731 -18.1943 
-6.34647 -17.7999 
-2.78651 -16.9493 
-2.6699 -16.8986 
-1.89892 -16.7154 
-4.8696 -16.8325 
-7.06139 -18.2728 
-7.01591 -17.1862 
-4.45401 -17.9315 
-7.3678 -18.2542 
-7.05196 -18.2038 
-4.27498 -16.2986 
-1.16008 -16.5266 
-3.2439 -17.1123 
-1.71598 -16.9844 
-2.97624 -16.9391 
-7.0175 -18.2418 
-7.32279 -17.8391 
-4.21587 -16.9513 
-6.59827 -18.21 
-3.17642 -16.7908 
-7.24965 -18.2729 
-2.16089 -17.1325 
-3.23962 -18.1183 
-2.12002 -16.9067 
-7.4885 -18.1503 
-2.74347 -16.9299 
-6.15384 -17.6901 
-6.40869 -17.7936 
-2.49011 -16.834 
-2.52558 -17.2173 
-3.3138 -17.4552 
-5.60359 -16.3696 
-1.69782 -16.806 
-3.6435 -16.8279 
-3.55284 -17.706 
-4.69795 -16.8675 
-6.26709 -18.2228 
-2.20285 -16.832 
-7.74225 -18.0234 
-2.85681 -16.9553 
-3.27285 -17.4731 
-1.91004 -16.9057 
-6.30378 -15.7132 
-1.80819 -16.7119 
-6.76226 -18.2273 
-2.7762 -16.9424 
-2.32041 -17.2617 
-2.90323 -16.9504 
-4.57275 -18.0941 
-4.99456 -16.2545 
-1.538 -16.8458 
-2.85456 -16.9912 
-7.20913 -18.2304 
-2.87089 -17.233 
-2.84573 -16.9915 
-6.18477 -17.7595 
-7.04534 -18.2512 
-3.24969 -16.8794 
-3.26098 -16.6823 
-2.09592 -16.798 
-2.73268 -16.9247 
-2.79062 -17.2647 
-7.1187 -18.2405 
-2.81364 -16.9484 
-6.93327 -18.2447 
-1.53481 -16.6942 
-3.78471 -18.0989 
-2.87956 -16.9507 
-2.72132 -16.9911 
-2.79365 -16.9443 
-7.2058 -18.29 
-7.33724 -18.3077 
-6.13473 -18.2326 
-6.25157 -17.8912 
-6.86654 -18.1341 
-7.03917 -18.2162 
-5.10696 -16.5818 
-6.72047 -18.2054 
-7.48525 -18.2077 
-3.10889 -16.9559 
-1.38452 -16.7318 
-1.64723 -16.6275 
-3.40665 -16.9536 
-5.37207 -18.1271 
-6.32917 -16.7504 
-6.9804 -18.2568 
-1.77398 -16.6376 
-7.43663 -18.242 
-7.40179 -18.1941 
-6.81265 -18.2294 
-2.73503 -17.2698 
-2.82282 -17.1291 
-2.73974 -16.9309 
-2.77463 -16.9575 
-4.78749 -16.5381 
-7.55543 -18.1485 
-4.93306 -16.9177 
-7.17805 -18.2896 
-7.10513 -18.277 
-6.83119 -18.2449 
-2.71449 -17.5773 
-5.58665 -18.1537 
-2.53531 -16.9514 
-3.1581 -16.9391 
-2.61613 -16.9562 
-6.32476 -18.0208 
-2.91739 -17.7226 
-2.67917 -16.9034 
-6.15247 -18.2434 
-7.03504 -18.2543 
-6.78614 -18.2612 
-7.06399 -18.2952 
-6.9064 -18.2596 
-5.33073 -17.0777 
-2.60169 -16.8879 
-6.07109 -18.1999 
-4.38088 -16.4472 
-6.71368 -18.1768 
-4.78296 -16.786 
-2.7032 -16.9178 
-6.65075 -18.1915 
-2.64556 -17.5475 
-2.03096 -16.7609 
-2.62213 -16.9388 
-2.02285 -16.7741 
-2.66456 -16.882 
-2.71184 -17.2662 
-4.92151 -17.5471 
-2.71523 -16.9239 
-7.01909 -18.2564 
-4.64001 -16.824 
-7.02764 -18.261 
-6.30711 -17.3736 
-6.47972 -17.863 
-3.84102 -17.6546 
-3.32796 -16.9526 
-1.90942 -17.0925 
-4.32831 -18.1052 
-2.61072 -16.7809 
-2.86348 -16.9938 
-5.44438 -16.8508 
-2.75591 -17.0132 
-5.69272 -16.7618 
-7.79876 -17.1797 
-2.78207 -16.9386 
-1.98319 -16.7731 
-0.906567 -16.5591 
-6.61557 -18.1804 
-7.19593 -18.2805 
-3.06892 -16.9527 
-7.06197 -18.2287 
-3.25477 -17.0613 
-5.37776 -16.8999 
-2.0628 -16.8064 
-1.74148 -16.6822 
-4.16889 -17.2033 
-6.51661 -18.254 
-5.23824 -16.8959 
-6.93199 -18.2695 
-6.6475 -18.0736 
-7.17514 -18.0973 
-5.76709 -17.5352 
-5.27799 -17.428 
-3.92301 -17.5485 
-2.84012 -16.9833 
-3.75951 -17.1639 
-3.05894 -17.3271 
-8.08399 -16.1951 
-6.5938 -17.4136 
-7.07831 -18.2151 
-7.18107 -18.2888 
-7.27685 -18.2722 
-2.21001 -16.7953 
-6.96793 -18.258 
-2.45764 -17.1338 
-1.59684 -16.6788 
-0.982685 -16.6591 
-3.5072 -16.932 
-6.19619 -17.8031 
-3.96413 -17.546 
-2.71158 -16.9802 
-3.64809 -17.1224 
-5.0112 -17.9516 
-2.10379 -16.6111 
-5.30445 -17.1593 
-4.45642 -16.2871 
-6.74433 -18.2313 
-3.4134 -16.9894 
-6.58027 -17.7883 
-6.92177 -18.273 
-3.09271 -16.9783 
-2.2025 -16.8599 
-7.10613 -18.2375 
-5.06994 -16.9566 
-7.11821 -18.2668 
-1.63079 -16.6426 
-1.69683 -16.7077 
-4.00541 -17.0402 
-6.88653 -18.2345 
-6.81218 -18.2435 
-2.65098 -16.9514 
-3.42625 -16.9079 
-7.09926 -18.2782 
-3.90596 -16.3562 
-7.29086 -17.9092 
-3.65465 -17.3811 
-2.98076 -17.0018 
-6.19333 -18.219 
-2.77619 -16.9461 
-7.1368 -18.2311 
-2.54628 -16.9402 
-3.20149 -17.002 
-5.53369 -17.0444 
-4.88047 -16.7698 
-2.92684 -17.2869 
-5.4699 -17.5427 
-2.33688 -16.8651 
-2.81591 -16.991 
-3.31778 -17.8394 
-8.09589 -17.7569 
-2.75493 -16.941 
-5.50169 -17.8481 
-7.3239 -18.2583 
-4.74625 -16.8087 
-5.75495 -17.4991 
-6.01246 -18.1906 
-6.72905 -18.2272 
-7.13932 -18.2706 
-4.06216 -17.7642 
-5.00703 -17.9976 
-2.14126 -16.8024 
-5.8708 -17.767 
-3.01925 -16.9376 
-5.90692 -17.0024 
-6.66418 -18.2356 
-6.68267 -18.2578 
-3.51361 -16.6858 
-2.98037 -17.5824 
-5.26804 -16.5385 
-4.33128 -17.3664 
-1.36465 -16.5446 
-7.18615 -18.1521 
-6.01517 -17.7799 
-7.04213 -18.1313 
-5.96664 -17.9579 
-7.17955 -18.2929 
-6.52838 -17.3496 
-6.05342 -17.7881 
-1.71894 -16.7118 
-5.37975 -16.7209 
-2.72748 -16.9356 
-3.60354 -16.8307 
-1.31585 -16.7178 
-6.52752 -18.1203 
-2.50577 -17.1718 
-2.27373 -16.9465 
-5.36268 -17.7871 
-2.06769 -17.0779 
-6.91195 -18.2803 
-6.07674 -17.9333 
-7.06473 -18.2103 
-1.88455 -16.7081 
-4.63522 -16.3633 
-2.73991 -17.0548 
-6.32555 -18.188 
-7.3195 -18.1239 
-6.65944 -18.0523 
-6.88099 -18.2445 
-7.14914 -18.2286 
-4.34048 -16.7592 
-3.19459 -17.0111 
-7.201 -18.1133 
-4.63522 -16.7838 
-3.0763 -17.407 
-7.08063 -18.2091 
-2.599 -17.2777 
-2.74628 -16.9749 
-6.94204 -18.0421 
-5.66191 -17.9006 
-6.61495 -18.1502 
-4.86439 -16.6409 
-6.19336 -17.7106 
-6.66617 -17.7741 
-6.07139 -18.125 
-5.36727 -17.5826 
-5.21131 -16.2194 
-6.59189 -18.1134 
-5.65826 -17.155 
-6.05152 -17.7879 
-2.73225 -17.5822 
-2.77873 -16.9264 
-2.61631 -16.8903 
-7.36245 -18.1227 
-5.63555 -17.6765 
-6.77101 -18.2764 
-2.80786 -17.0347 
-2.37724 -17.4276 
-7.83132 -17.4544 
-2.99148 -17.0198 
-1.80567 -16.7616 
-6.87789 -18.2644 
-6.66054 -17.8062 
-6.92255 -18.2476 
-5.51861 -16.9152 
-4.69854 -16.7461 
-6.8111 -18.16 
-6.54702 -18.302 
-2.75988 -16.9326 
-2.46695 -16.8684 
-6.07985 -18.2166 
-2.82738 -16.9448 
-5.9838 -18.2505 
-5.29556 -17.1018 
-7.44882 -18.1926 
-5.58873 -18.2075 
-2.69369 -16.9146 
-5.99832 -17.3251 
-2.86544 -16.96 
-5.02844 -17.0384 
-7.00302 -18.143 
-5.64976 -18.2168 
-2.22329 -16.7493 
-6.46352 -18.2796 
-1.97461 -16.7033 
-2.70464 -16.5153 
-2.43853 -16.8273 
-4.33366 -16.7053 
-3.04017 -16.8237 
-2.58946 -16.9057 
-4.98597 -16.9129 
-5.56567 -18.1657 
-6.53538 -18.1082 
-4.44849 -16.333 
-5.49491 -17.1495 
-3.23426 -16.9372 
-1.8251 -16.6905 
-5.76596 -18.0827 
-2.76768 -16.9154 
-2.75016 -16.9257 
-2.77339 -16.9415 
-7.05577 -18.235 
-6.84362 -18.2461 
-3.02753 -16.9575 
-3.92689 -16.7698 
-1.25656 -16.5725 
-6.949 -18.2653 
-2.79186 -16.9444 
-3.84041 -16.5494 
-7.6669 -17.8916 
-2.50129 -16.9054 
-2.22533 -16.8528 
-2.68503 -16.9917 
-1.96209 -16.746 
-1.53773 -16.6509 
-7.02423 -18.276 
-8.79471 -14.9187 
-2.70861 -17.0286 
-1.89364 -16.6909 
-6.87464 -18.2546 
-3.545 -16.7036 
-6.55753 -18.1376 
-2.81663 -16.9471 
-6.99047 -18.2332 
-2.77909 -16.9445 
-1.78789 -16.7171 
-4.53175 -16.97 
-7.27378 -18.2854 
-6.72369 -18.2252 
-2.76501 -16.9379 
-2.52655 -16.8499 
-6.4566 -18.2098 
-5.8203 -17.3241 
-2.86129 -17.0519 
-7.29941 -18.2776 
-2.80805 -16.9497 
-2.76075 -16.559 
-2.84382 -16.9493 
-2.08148 -16.7868 
-2.88499 -16.9347 
-4.03584 -17.0887 
-2.78424 -16.9456 
-2.71566 -16.9308 
-6.67239 -18.2205 
-6.72335 -18.2107 
-6.68716 -18.2695 
-7.36371 -17.8782 
-2.42807 -16.8547 
-5.07577 -16.1381 
-4.69307 -17.2941 
-6.74406 -18.2093 
-7.04845 -18.2677 
-2.93276 -17.0088 
-7.02881 -18.2902 
-3.33991 -16.5921 
-6.95452 -18.2922 
-7.03484 -18.249 
-8.80979 -16.8504 
-6.18213 -18.1659 
-7.01777 -18.2924 
-3.26184 -17.2351 
-5.26864 -16.916 
-2.89459 -17.1224 
-2.88466 -16.9569 
-5.14448 -16.8654 
-2.78816 -16.9554 
-3.74419 -16.8727 
-3.57268 -16.9254 
-1.79626 -16.7061 
-4.59703 -17.2499 
-5.19041 -16.6222 
-5.92482 -17.5946 
-2.39439 -16.867 
-6.97556 -18.2282 
-6.83021 -18.2266 
-2.3994 -16.969 
-6.50181 -18.2293 
-5.50204 -16.8632 
-2.02989 -16.8393 
-2.67849 -16.9712 
-4.47695 -16.7759 
-6.47934 -18.0105 
-7.05606 -18.2564 
-4.68652 -16.7237 
-5.81343 -18.0458 
-7.29479 -18.2155 
-4.38866 -16.6327 
-6.91773 -18.1611 
-2.11917 -16.7225 
-5.61819 -16.8899 
-6.17273 -17.7535 
-1.10507 -16.5548 
-3.01997 -16.9461 
-4.88414 -17.9511 
-2.74909 -16.9287 
-2.77181 -16.9307 
-3.00144 -17.482 
-7.02511 -18.2459 
-1.69694 -16.6425 
-2.08137 -16.7899 
-3.78014 -17.253 
-4.86506 -17.2992 
-4.49124 -17.3317 
-4.64039 -18.0599 
-4.8421 -16.8885 
-2.88161 -16.9502 
-3.24418 -16.92 
-2.92254 -16.9552 
-3.13774 -17.0687 
-2.8106 -16.9507 
-3.13854 -16.936 
-3.34032 -17.1072 
-2.8944 -16.9513 
-3.04865 -17.007 
-3.40161 -17.1812 
-3.03196 -17.0496 
-2.78025 -16.9438 
-4.98294 -16.889 
-3.14163 -16.938 
-2.78611 -16.9411 
-3.68076 -16.9628 
-3.06416 -16.9391 
-2.79749 -16.9448 
-3.03697 -16.9342 
-5.54738 -18.1444 
-4.22814 -17.9934 
-4.71348 -18.0667 
-2.78019 -16.9425 
-6.27449 -18.193 
-6.72954 -18.2613 
-3.35329 -17.6263 
-7.33436 -18.2976 
-3.35119 -17.5665 
-7.21753 -18.2904 
-5.89631 -17.9374 
-6.96439 -18.2936 
-4.62819 -17.2883 
-5.52664 -17.9104 
-5.49265 -18.196 
-6.62628 -18.2357 
-3.30055 -17.0777 
-7.01106 -18.1255 
-3.12277 -16.941 
-2.73273 -16.9157 
-2.8 -16.9483 
-2.81606 -16.9501 
-6.97502 -18.2719 
-2.87848 -16.9505 
-2.92001 -16.9379 
-2.88961 -16.9563 
-2.90868 -16.9495 
-3.15714 -16.987 
-3.0893 -16.9192 
-4.31714 -18.0675 
-6.34345 -17.8513 
-5.8311 -17.3379 
-7.00635 -18.2546 
-7.06863 -18.2734 
-7.06101 -18.2915 
-3.55927 -17.7385 
-6.03362 -17.2282 
-6.99886 -18.2611 
-2.74895 -16.9986 
-6.8136 -18.2419 
-3.15572 -16.93 
-4.35631 -16.5393 
-4.34879 -16.8269 
-6.39341 -17.8163 
-7.29838 -17.6138 
-3.26504 -17.5787 
-2.60549 -16.9031 
-2.53114 -16.9155 
-2.24541 -16.8395 
-3.00253 -16.8552 
-2.46922 -16.8314 
-2.63507 -16.9543 
-3.63384 -16.9826 
-6.84079 -18.2329 
-5.41741 -18.1743 
-2.76547 -16.9433 
-3.03089 -16.9944 
-3.26685 -16.9818 
-5.98713 -18.2284 
-3.01242 -16.931 
-3.21494 -16.9843 
-6.5958 -18.2584 
-7.17903 -18.2739 
-6.97842 -18.3091 
-5.69272 -16.9732 
-2.84722 -16.9512 
-2.82244 -16.9452 
-4.8262 -17.4486 
-5.80411 -18.2434 
-5.43343 -18.1759 
-7.14645 -18.1992 
-6.85136 -18.2464 
-7.17545 -17.1986 
-5.39513 -17.6496 
-2.50062 -17.1389 
-3.83737 -16.7448 
-4.45481 -16.7664 
-4.43725 -16.7549 
-4.83993 -16.5253 
-6.97115 -18.2463 
-6.16947 -16.6631 
-6.49562 -16.1744 
-5.01027 -16.8698 
-4.27879 -16.7915 
-5.34711 -16.7278 
-4.89872 -16.4878 
-4.6462 -16.6575 
-6.79463 -18.1312 
-2.9477 -16.9502 
-5.31036 -16.9234 
-3.19845 -16.9239 
-2.90919 -16.948 
-2.87221 -16.9484 
-2.97462 -16.9505 
-2.88676 -16.949 
-2.67103 -16.9388 
-2.71797 -16.9285 
-2.81374 -16.9478 
-3.28724 -16.9229 
-2.87401 -16.9493 
-3.0207 -16.9386 
-3.75213 -17.0527 
-2.81339 -16.9475 
-3.133 -17.0912 
-5.24382 -17.6962 
-7.1505 -18.2409 
-5.51953 -18.1468 
-3.08951 -16.8654 
-2.81486 -16.9483 
-4.04144 -17.7716 
-2.90186 -16.9717 
-3.52719 -17.0988 
-3.21637 -17.0273 
-4.25965 -17.5355 
-6.42179 -17.6942 
-2.95281 -17.4271 
-6.13968 -18.2297 
-6.78456 -18.2246 
-7.02139 -18.213 
-2.89379 -16.9391 
-7.04496 -18.2676 
-7.16959 -18.3004 
-6.67269 -18.3391 
-4.01647 -17.0951 
-6.54751 -17.6811 
-6.6852 -18.3286 
-2.7428 -16.9303 
-2.82876 -16.9494 
-5.76363 -18.1924 
-5.59682 -18.1508 
-4.41942 -17.0853 
-6.33958 -18.2499 
-6.46403 -18.2115 
-4.27167 -17.5467 
-3.40819 -17.1496 
-2.99162 -16.9898 
-2.84545 -16.9324 
-1.90946 -16.7354 
-2.95262 -16.943 
-5.5246 -18.0587 
-3.10198 -16.9605 
-2.6433 -16.8958 
-3.22346 -16.9585 
-7.11008 -18.2695 
-2.7824 -16.93 
-6.94308 -18.2053 
-4.34746 -17.2752 
-6.81003 -18.263 
-6.16509 -18.1802 
-6.74229 -17.8885 
-8.5513 -14.023 
-5.74816 -17.4378 
-4.55996 -17.8833 
-2.84131 -16.9489 
-2.8477 -16.9498 
-4.91019 -16.9341 
-4.15098 -17.1915 
-3.02681 -16.9597 
-2.91645 -16.9496 
-4.62274 -17.1153 
-2.78255 -16.9451 
-4.97101 -17.5928 
-2.84314 -16.9494 
-5.03698 -17.6798 
-3.88898 -17.0985 
-4.59006 -16.7431 
-6.84254 -17.8718 
-6.76963 -17.7354 
-2.79678 -17.0875 
-4.40116 -16.7334 
-5.52574 -17.0256 
-6.84709 -17.8673 
-6.68098 -18.223 
-6.35121 -17.7993 
-7.30914 -17.8678 
-3.38245 -17.3815 
-6.97057 -18.2579 
-7.04417 -18.2663 
-7.03123 -18.2879 
-4.02109 -17.2373 
-2.77211 -16.9481 
-7.15432 -18.2933 
-7.33943 -18.3073 
-5.07451 -17.2451 
-7.35031 -18.2723 
-7.18111 -18.29 
-7.29688 -18.3186 
-6.81639 -18.217 
-7.24274 -18.1834 
-6.95938 -18.1941 
-6.96219 -17.7451 
-6.06423 -18.2131 
-6.0269 -18.1985 
-3.69274 -17.5478 
-7.605 -18.1172 
-6.24762 -18.2252 
-6.05729 -18.2476 
-7.10275 -18.1565 
-7.40574 -18.2361 
-6.51567 -18.2033 
-6.70364 -18.1415 
-7.70033 -18.0508 
-6.26384 -18.2468 
-2.68349 -16.9002 
-2.98709 -16.9187 
-2.7722 -16.9337 
-4.59369 -18.1006 
-8.03178 -17.6143 
-3.11951 -17.785 
-2.87863 -17.328 
-4.50931 -18.1212 
-4.82153 -18.096 
-3.97933 -17.1569 
-6.20543 -18.2281 
-7.19439 -18.2758 
-6.8822 -18.2794 
-4.59482 -17.1529 
-5.3248 -16.9431 
-6.10473 -17.4395 
-6.91531 -18.0113 
-7.10745 -18.2994 
-7.34563 -18.2895 
-6.76458 -18.0209 
-7.16794 -18.2091 
-7.04532 -18.2503 
-7.40531 -18.2887 
-6.13667 -18.227 
-2.95613 -16.9426 
-6.7527 -17.9322 
-3.98018 -17.0899 
-5.93056 -17.7381 
-3.00006 -16.9602 
-5.27922 -17.2931 
-5.45355 -18.1402 
-8.23488 -16.2744 
-7.15849 -17.1812 
-7.17447 -18.2454 
-5.18953 -18.1423 
-6.00997 -18.2102 
-6.43789 -18.2329 
-5.16638 -18.1728 
-6.1394 -18.2259 
-7.00773 -17.888 
-5.1435 -17.4457 
-3.59498 -17.2356 
-6.95411 -18.1488 
-4.72661 -18.0976 
-6.40075 -17.7944 
-1.85725 -16.7975 
-5.73423 -17.5778 
-7.07236 -18.258 
-5.37291 -17.7199 
-6.73332 -16.4296 
-3.11218 -17.386 
-2.19143 -16.9348 
-2.39341 -17.1907 
-6.70245 -17.8286 
-6.69653 -18.2232 
-6.7479 -18.2602 
-1.9041 -16.7914 
-6.99358 -18.2421 
-2.99378 -16.9518 
-3.94957 -16.8862 
-3.02582 -16.9525 
-3.10077 -16.9354 
-3.18124 -16.9377 
-4.53734 -16.8906 
-2.90433 -16.9497 
-4.37253 -16.8901 
-4.60907 -16.7413 
-2.90229 -16.9519 
-5.06262 -16.8553 
-3.95997 -17.0512 
-2.8433 -16.948 
-4.1458 -16.9005 
-2.97793 -16.9378 
-3.46589 -16.9654 
-5.17314 -17.3749 
-5.01174 -16.9148 
-2.94841 -16.9496 
-5.46391 -16.9375 
-4.68008 -16.877 
-5.46258 -17.1386 
-2.83705 -16.949 
-3.01099 -16.9702 
-2.7766 -16.9405 
-3.05799 -16.9571 
-4.12203 -16.907 
-3.22677 -16.9486 
-3.86549 -17.0296 
-5.18805 -16.9118 
-3.56846 -16.9124 
-4.42394 -16.9704 
-5.54769 -16.9688 
-6.34341 -17.903 
-2.86335 -16.9499 
-3.08856 -16.9033 
-3.58133 -16.83 
-6.74911 -18.2943 
-6.41704 -18.2554 
-2.8009 -16.945 
-3.0404 -16.9437 
-2.94123 -16.9502 
-2.77759 -16.9404 
-2.75888 -17.0549 
-3.26114 -17.3171 
-2.80773 -16.9443 
-2.8807 -16.9508 
-2.81576 -16.9468 
-2.77978 -16.9442 
-4.83281 -17.3164 
-2.88428 -16.9558 
-3.55439 -17.0627 
-2.8755 -16.9435 
-2.79285 -16.947 
-4.52385 -16.9673 
-5.87454 -16.9493 
-2.88856 -16.9522 
-3.95792 -16.8443 
-5.56681 -16.9245 
-5.13374 -16.8802 
-5.29478 -16.9015 
-2.78586 -16.9411 
-7.35043 -18.1095 
-2.98232 -16.9591 
-2.7857 -16.9436 
-4.88249 -16.9443 
-3.63713 -17.1842 
-2.87663 -16.9476 
-3.41192 -17.037 
-4.18576 -16.9921 
-5.25777 -16.8551 
-5.2728 -17.2824 
-4.48278 -16.9873 
-3.05836 -16.9706 
-3.57291 -17.0854 
-2.12659 -16.8869 
-2.79393 -16.9711 
-2.8352 -16.9534 
-3.46915 -16.9055 
-3.2477 -16.9006 
-3.01911 -16.9515 
-5.78648 -17.0931 
-3.29915 -16.8896 
-2.82145 -16.949 
-3.78084 -16.827 
-2.64415 -16.9059 
-1.92883 -16.7434 
-5.61171 -16.9691 
-2.75686 -16.9364 
-6.2708 -17.7305 
-2.63356 -17.3511 
-2.80109 -16.9784 
-6.52352 -18.0905 
-6.58996 -18.1921 
-2.74671 -16.9424 
-3.23298 -17.2663 
-3.00733 -17.5219 
-6.32354 -17.8664 
-2.71245 -16.9174 
-2.95066 -17.0052 
-4.35406 -17.0417 
-2.82742 -16.9463 
-4.13866 -17.5062 
-4.56873 -17.9806 
-6.12809 -18.1294 
-5.22037 -17.9994 
-7.12733 -18.2446 
-5.90018 -18.2379 
-4.73514 -17.0659 
-4.133 -17.0693 
-4.86347 -17.6423 
-5.24534 -18.1474 
-2.76478 -16.9673 
-3.03484 -17.2097 
-3.3238 -17.1476 
-6.97043 -18.2672 
-7.2186 -18.3049 
-5.63617 -17.8016 
-4.13507 -17.6515 
-5.84879 -17.5785 
-3.22632 -17.0458 
-4.67369 -16.9046 
-6.39998 -18.274 
-5.31753 -18.1527 
-6.05868 -18.2315 
-4.8012 -17.7919 
-3.58026 -17.1117 
-6.19427 -18.2431 
-2.87396 -16.9521 
-2.96576 -16.9552 
-2.7546 -16.9401 
-2.8224 -16.9499 
-3.0407 -16.958 
-5.50527 -17.5035 
-5.85376 -17.2106 
-3.34317 -16.9477 
-4.92258 -16.838 
-4.16662 -16.7757 
-2.69653 -16.9188 
-2.91184 -16.9494 
-2.81204 -16.9486 
-2.7274 -16.9719 
-3.71854 -16.8831 
-2.86344 -16.9492 
-2.94582 -16.9492 
-5.1357 -16.808 
-7.02711 -17.6853 
-2.65858 -16.9078 
-2.80863 -16.9463 
-3.90549 -17.9712 
-2.84427 -16.9553 
-3.71483 -17.0463 
-2.77925 -16.9461 
-5.11031 -17.4005 
-3.03874 -16.9644 
-2.85904 -16.9605 
-2.83582 -16.9482 
-2.78217 -16.945 
-5.19291 -17.2358 
-2.60295 -16.978 
-2.7593 -16.9245 
-2.80925 -16.9427 
-4.84376 -16.8892 
-2.80034 -16.945 
-2.80096 -16.9436 
-2.8283 -16.9091 
-2.84752 -16.9418 
-2.82259 -16.9227 
-2.73071 -16.928 
-2.79641 -16.9227 
-2.7456 -16.9414 
-3.53446 -16.9549 
-2.87896 -16.9559 
-2.79159 -16.9078 
-4.53137 -16.4183 
-5.32096 -17.7599 
-4.10883 -16.494 
-6.60794 -18.1999 
-2.75396 -16.9823 
-2.96162 -16.9614 
-2.22396 -16.8704 
-3.01745 -16.9513 
-2.43574 -16.9561 
-3.00881 -16.9503 
-2.75651 -16.9413 
-5.30301 -17.1046 
-4.16246 -17.7771 
-2.82216 -16.9499 
-2.83398 -16.9513 
-6.87464 -18.2035 
-7.32671 -18.2952 
-5.16227 -17.0979 
-3.13098 -17.0194 
-2.80974 -16.9447 
-4.66973 -17.2831 
-6.74248 -18.1382 
-5.11474 -18.1335 
-8.84828 -14.178 
-4.68329 -17.7814 
-4.24452 -18.0776 
-3.9295 -17.0634 
-8.41183 -16.1763 
-7.71755 -16.5765 
-7.31087 -17.9756 
-5.42156 -17.8471 
-5.03015 -17.9846 
-3.99819 -17.7653 
-3.30429 -17.0522 
-6.68363 -17.6381 
-5.02326 -17.402 
-5.91471 -17.9255 
-4.71894 -17.601 
-5.17148 -17.8899 
-6.14682 -17.9237 
-5.43499 -17.0868 
-3.866 -17.174 
-6.32613 -18.1868 
-5.19377 -17.6889 
-6.80831 -17.9912 
-5.70699 -16.9351 
-5.89214 -18.2059 
-8.76949 -14.8581 
-6.44237 -18.1521 
-2.92464 -17.3692 
-5.30851 -17.3314 
-3.82065 -17.1422 
-6.84403 -18.1423 
-3.70941 -16.9998 
-2.79205 -16.9446 
-4.79126 -18.0105 
-3.2768 -17.1785 
-2.81754 -16.9452 
-4.29028 -17.9833 
-2.81603 -16.9861 
-3.25857 -16.9222 
