-6.86036 -17.359 
-9.73036 -15.5611 
-8.86733 -16.3564 
-8.67028 -17.1539 
-6.28234 -16.9799 
-5.44797 -17.547 
-10.1897 -15.8408 
-10.1787 -15.8266 
-10.2625 -15.7235 
-5.48118 -17.647 
-6.23985 -17.088 
-6.50507 -16.9632 
-5.64389 -17.2873 
-10.6256 -15.8828 
-10.1791 -16.1117 
-8.34047 -17.2893 
-7.28126 -16.5658 
-4.56432 -18.8884 
-5.24535 -17.5411 
-10.0529 -15.964 
-6.60326 -17.2665 
-7.00564 -16.4957 
-10.6268 -15.9063 
-10.0988 -15.8284 
-7.58532 -16.1071 
-5.77005 -17.9677 
-5.99675 -17.9538 
-5.42934 -17.4114 
-9.08378 -17.0975 
-5.51861 -18.0122 
-6.1856 -17.7553 
-6.87479 -16.5997 
-8.98804 -15.6136 
-9.97279 -15.8798 
-7.55148 -16.3231 
-10.2683 -15.8112 
-5.96177 -17.5972 
-4.13546 -17.1852 
-7.17457 -16.7882 
-7.08249 -17.1975 
-9.10907 -16.1526 
-5.60087 -18.1297 
-8.73573 -16.3404 
-9.23525 -17.1017 
-9.53007 -15.6009 
-2.16496 -18.9771 
-9.8213 -16.0818 
-6.19638 -16.9091 
-6.38502 -16.6898 
-8.18847 -16.6004 
-10.2519 -15.6492 
-9.8643 -16.1272 
-8.76387 -16.6935 
-8.69768 -15.8094 
-6.80715 -17.2534 
-8.72806 -16.4476 
-9.33084 -15.944 
-6.69796 -17.5092 
-10.32 -15.653 
-1.55318 -18.7106 
-10.0538 -16.3457 
-9.90601 -16.35 
-10.3673 -15.1853 
-2.79504 -18.5304 
-9.27197 -15.641 
-5.45427 -18.2619 
-10.2405 -16.1157 
-9.598 -15.673 
-9.27081 -16.2344 
-9.39969 -16.8395 
-3.0976 -18.6607 
-8.43025 -15.9291 
-10.2084 -16.0955 
-6.61643 -17.7241 
-9.39579 -15.8357 
-9.99897 -16.2359 
-6.28736 -17.2439 
-5.49694 -17.6269 
-8.44286 -18.216 
-7.18787 -16.4807 
-9.203 -15.9143 
-10.5067 -15.8526 
-10.5681 -15.969 
-7.47898 -17.8475 
-10.1603 -16.2127 
-5.75224 -17.4087 
-7.05818 -16.6242 
-8.36357 -17.645 
-10.053 -16.0924 
-9.86156 -15.8328 
-10.1807 -15.7766 
-5.39414 -17.7758 
-4.1169 -18.5109 
-8.8848 -16.8359 
-6.2641 -17.4153 
-6.57802 -18.2953 
-7.28427 -17.4824 
-8.47727 -16.6067 
-7.94724 -17.5983 
-3.63775 -18.3937 
-10.3759 -15.8521 
-8.7185 -15.7567 
-8.79507 -15.6832 
-8.06932 -16.5857 
-7.16459 -17.8924 
-6.5117 -17.0128 
-7.59599 -17.3086 
-5.59342 -17.4344 
-3.64297 -18.262 
-4.31814 -19.4 
-6.92478 -16.9455 
-10.5264 -15.8532 
-10.091 -15.8421 
-10.626 -15.8583 
-10.2891 -16.1789 
-7.45934 -16.4314 
-3.48729 -19.0403 
-9.18418 -16.2947 
-5.8912 -17.1789 
-5.70498 -17.7757 
-6.01074 -17.5919 
-7.50376 -17.0247 
-8.15335 -17.4041 
-10.2748 -15.7804 
-6.75857 -17.7379 
-10.2082 -15.6752 
-6.41258 -17.0048 
-10.0894 -16.0344 
-10.3379 -16.0832 
-7.12548 -18.3207 
-4.98644 -19.1156 
-5.82338 -17.2527 
-5.01968 -17.8603 
-6.02304 -17.7647 
-7.13254 -18.6441 
-7.79236 -16.7047 
-7.92055 -17.4925 
-6.78964 -16.7631 
-6.03806 -17.0342 
-6.47009 -17.6393 
-10.6101 -15.6716 
-4.80639 -19.2519 
-10.4689 -16.0182 
-9.35094 -15.6009 
-10.1726 -15.6024 
-10.1779 -15.7787 
-8.2076 -17.0725 
-8.87216 -15.8895 
-9.47581 -16.2235 
-10.4322 -15.8178 
-6.14942 -17.5176 
-8.28569 -17.0576 
-5.4035 -17.8596 
-5.61364 -17.1887 
-6.85183 -17.7902 
-9.91314 -16.0511 
-7.57266 -16.2091 
-9.84297 -15.6079 
-9.52202 -16.745 
-10.0684 -15.6784 
-10.0497 -15.8617 
-9.0855 -16.4957 
-10.5852 -15.9855 
-6.98748 -17.0224 
-2.31489 -19.9501 
-10.5438 -15.8755 
-10.0956 -15.4694 
-8.5452 -15.765 
-7.72146 -16.5432 
-4.41883 -19.0801 
-9.67851 -16.5847 
-5.84999 -17.8828 
-10.1845 -16.1951 
-9.38103 -16.9054 
-9.41465 -15.688 
-10.3155 -15.3231 
-8.94472 -17.4749 
-8.36129 -16.9058 
-6.69641 -17.2287 
-5.58448 -17.6105 
-5.4069 -18.989 
-6.28191 -18.0003 
-8.11009 -17.6235 
-9.12345 -16.5345 
-9.54642 -16.5297 
-10.0306 -16.2355 
-10.1012 -16.4638 
-10.0852 -16.2357 
1.12391 -18.5186 
-5.27428 -17.4209 
-5.9184 -18.2426 
-5.80868 -17.8735 
-4.52446 -19.0876 
-10.3105 -15.4121 
-7.34317 -16.8933 
-10.4357 -15.7084 
-10.3103 -15.2459 
-9.18616 -15.5599 
-5.61688 -17.6254 
-6.98907 -17.3657 
-9.68286 -16.0889 
-10.0648 -16.1288 
-8.30003 -18.0212 
-5.3103 -19.3205 
-4.57337 -17.9195 
-9.23178 -16.6287 
-5.97696 -17.0182 
-6.02758 -16.9549 
-9.28504 -16.5437 
-8.40633 -16.586 
-5.69041 -17.4366 
-9.72387 -17.208 
-10.3338 -15.5553 
-4.935 -17.6765 
-9.10035 -17.4863 
-5.47611 -17.8617 
-10.9696 -14.9454 
-7.57897 -16.2045 
-8.7191 -17.2203 
-6.40188 -17.5096 
-6.32243 -17.8087 
-10.5267 -15.7903 
-8.56023 -17.0445 
-6.12672 -17.6957 
-6.59483 -16.6761 
-4.59865 -17.811 
-9.84454 -16.8071 
-10.359 -16.0975 
-6.99755 -18.1237 
-10.3064 -15.8075 
-2.45093 -19.2338 
-10.1012 -15.8511 
-8.2621 -16.4643 
-6.79555 -18.3139 
-6.93585 -16.6918 
-10.2235 -15.7847 
-6.56732 -16.5795 
-10.1608 -15.7128 
-10.1802 -15.7871 
-10.3972 -16.1091 
-3.61484 -19.3451 
-10.6918 -15.8766 
-7.42447 -17.1639 
-5.73863 -18.0735 
-6.67068 -17.1532 
-6.3151 -16.9496 
-6.9088 -18.5242 
-6.8763 -16.678 
-5.87967 -18.0696 
-8.77592 -17.3084 
-8.50584 -16.9928 
-10.3745 -15.3632 
-6.57872 -16.9101 
-9.2208 -16.3733 
-6.17883 -18.4474 
-7.1339 -17.6541 
-6.30935 -17.1805 
-6.7977 -16.8277 
-10.3307 -15.8148 
-5.27469 -17.4654 
-7.15653 -17.0313 
-7.0708 -16.8012 
-6.50293 -18.0637 
-6.92325 -17.1477 
-5.68905 -17.8066 
-7.74077 -17.3745 
-5.65447 -17.5672 
-5.43611 -19.3591 
-6.66886 -16.6908 
-10.0741 -15.3183 
-7.09339 -16.9577 
-10.5237 -15.825 
-7.64138 -16.6781 
-7.19815 -16.4282 
-7.4499 -17.0278 
-7.18739 -16.8055 
-7.21587 -16.9444 
-9.42157 -16.2111 
-10.3522 -15.205 
-5.52194 -17.7566 
-6.45466 -17.3671 
-6.28121 -18.2963 
-8.5168 -15.7476 
-5.39095 -17.8232 
-10.018 -15.8484 
-6.53315 -17.7496 
-6.05057 -18.088 
-5.31816 -19.0802 
-7.43736 -17.7216 
-6.35294 -17.756 
-7.14173 -16.6869 
-6.0857 -17.4498 
-6.60217 -17.4223 
-5.4584 -17.9592 
-10.0149 -15.9182 
-4.661 -17.4799 
-10.2608 -15.9758 
-10.4063 -16.0508 
-5.23812 -17.4424 
-7.11631 -17.7279 
-6.95745 -16.9011 
-7.22216 -16.4582 
-6.1046 -17.1594 
-6.03556 -16.8103 
-8.47098 -16.8491 
-8.94855 -16.5637 
-3.10735 -18.7154 
-6.29996 -18.572 
-8.17651 -16.6904 
-6.44692 -17.254 
-9.21031 -16.1581 
-9.69304 -16.3565 
-10.4175 -16.0214 
-5.86623 -18.0877 
-7.00316 -16.9637 
-5.65833 -17.4972 
-10.1848 -15.7658 
-7.03009 -17.3506 
-3.35104 -19.1718 
-10.5688 -15.88 
-10.7076 -15.4516 
-6.14773 -17.3268 
-6.34068 -16.9407 
-7.14131 -17.3219 
-8.25405 -16.6357 
-9.13781 -16.6185 
-6.60219 -16.8301 
-6.48709 -18.0343 
-10.659 -15.8494 
-10.1871 -15.826 
-7.25869 -17.5889 
-9.66902 -16.5471 
-4.82306 -19.1341 
-7.53652 -16.2875 
-4.16684 -18.3932 
-7.30451 -18.3003 
-10.6714 -15.8959 
-7.68497 -16.4676 
-10.2028 -15.7437 
-7.63369 -17.7912 
-5.85164 -17.7939 
-8.13291 -17.7556 
-8.79261 -17.0492 
-7.90208 -17.749 
-7.32943 -16.2307 
-6.40866 -16.88 
-10.2911 -15.6142 
-4.25862 -18.0284 
-10.1762 -15.821 
-10.1153 -15.7718 
-8.65069 -16.9871 
-7.7239 -18.1579 
-6.46547 -16.8871 
-3.01291 -18.5145 
-7.40921 -16.9923 
-10.1568 -15.8321 
-9.64823 -15.458 
-8.32324 -16.7094 
-10.4135 -15.9317 
-10.3284 -16.0218 
-10.4827 -15.8065 
-7.23288 -17.3173 
-7.18774 -16.7587 
-9.26315 -16.5164 
-9.63302 -16.0804 
-7.67728 -16.3912 
-7.3099 -17.0262 
-10.491 -15.9453 
-7.17363 -16.4712 
-3.91288 -19.1718 
-10.3693 -15.7705 
-10.1116 -15.8417 
-10.3594 -15.8379 
-10.3252 -15.4899 
-10.5485 -15.594 
-6.13305 -17.7541 
0.41638 -19.2812 
-10.1879 -15.7741 
-7.22497 -16.4335 
-5.80402 -17.2843 
-9.72186 -15.9476 
-6.12536 -16.8121 
-10.0193 -16.2534 
-5.53666 -17.6114 
-10.5373 -15.9535 
-10.1369 -15.3204 
-8.44481 -17.2343 
-5.66315 -17.9079 
-7.04392 -17.8467 
-10.0927 -16.1999 
-10.0474 -15.8531 
-5.74529 -17.1321 
-7.81506 -16.7676 
-10.228 -15.6973 
-5.26213 -18.7746 
-9.6416 -16.2362 
-5.78471 -17.359 
-9.4799 -16.5497 
-9.28069 -15.7888 
-7.02708 -17.1585 
-8.6061 -16.8081 
-9.77317 -16.3913 
-10.2186 -15.7565 
-6.0742 -17.1967 
-5.22331 -17.6011 
-6.50746 -18.0271 
-6.01308 -17.8815 
-9.03596 -16.1508 
-2.61896 -19.0282 
-6.95633 -16.774 
-7.23765 -17.2101 
-5.62746 -17.8994 
-10.3215 -16.1599 
-6.5495 -17.7075 
-7.10363 -16.8679 
-5.9675 -17.3136 
-5.34613 -17.5576 
2.95604 -18.3039 
-8.16603 -17.5568 
-4.19993 -19.0679 
-10.2275 -16.2425 
-6.79705 -16.72 
-10.5948 -15.9033 
-5.86677 -17.677 
-4.42805 -18.3279 
-10.1569 -15.8438 
-9.78937 -15.9139 
-9.34673 -16.2572 
-10.3902 -15.1708 
-9.12069 -16.683 
-6.6994 -16.825 
-6.54424 -16.6287 
-10.0382 -15.8862 
-6.31468 -18.2069 
-6.86051 -16.7063 
-10.8339 -15.6087 
-5.92591 -17.6457 
-9.1417 -16.2989 
-7.20507 -16.6234 
-9.13644 -16.6532 
-9.47333 -16.6771 
-8.49506 -16.5422 
-5.98576 -17.8609 
-4.1931 -18.6048 
-8.1054 -17.5176 
-5.62928 -18.4726 
-6.0721 -17.6184 
-5.26118 -17.4913 
-10.7829 -15.7203 
-6.82895 -17.2227 
-5.84823 -17.2205 
-10.2003 -15.319 
-9.56334 -16.5491 
-9.35854 -16.6093 
-10.4072 -16.0579 
-10.1302 -15.8184 
-10.1562 -16.2395 
-5.20212 -17.5734 
-6.91614 -16.7 
-10.2012 -15.7757 
-9.41489 -16.2986 
-9.56385 -16.1929 
-9.68294 -16.3109 
-7.60485 -17.6449 
-9.16143 -16.5216 
-9.85233 -16.0801 
-9.04328 -16.4258 
-9.27445 -16.4459 
-9.17223 -16.3445 
-9.74606 -16.3678 
-9.4654 -16.6768 
-9.65381 -16.2385 
-9.26796 -16.3852 
-9.39227 -16.3716 
-9.66951 -16.6279 
-9.26646 -16.4225 
-9.76624 -16.2426 
-9.21616 -15.9414 
-9.2371 -16.4229 
-10.4192 -15.9361 
-9.20644 -15.8912 
-9.18633 -16.4546 
-9.40715 -16.5504 
-9.20931 -16.1634 
-7.3448 -18.1409 
-9.43075 -16.8038 
-8.29181 -17.4517 
-9.36671 -16.5263 
-6.88488 -17.172 
-7.99561 -17.1379 
-10.0389 -16.3661 
-5.52112 -17.927 
-10.0314 -16.2575 
-6.38428 -17.7217 
-8.19618 -17.1512 
-6.39648 -17.0237 
-8.68169 -16.4857 
-8.70131 -16.8142 
-8.62328 -17.2634 
-7.79198 -16.5863 
-9.36664 -16.1494 
-6.88759 -17.7528 
-10.0588 -16.1733 
-10.3208 -15.7987 
-10.2002 -16.0518 
-10.2576 -16.086 
-5.61055 -17.44 
-10.0475 -16.041 
-10.1152 -15.7058 
-10.1137 -15.8524 
-9.68498 -16.5619 
-10.2744 -16.1079 
-9.94089 -16.1729 
-9.48101 -16.5208 
-5.91645 -16.9933 
-8.55027 -16.4878 
-5.38071 -17.6248 
-5.67153 -18.0074 
-5.52954 -17.488 
-9.92808 -16.5411 
-6.89648 -16.8172 
-5.32324 -17.6831 
-10.3131 -15.7845 
-6.54755 -16.9749 
-8.63367 -17.117 
-5.47434 -17.6685 
-7.72094 -16.9621 
-8.27018 -16.4814 
-3.25918 -19.806 
-10.1492 -15.9101 
-7.11283 -16.7621 
-10.7503 -15.7957 
-7.34608 -16.462 
-9.04548 -15.8938 
-8.39793 -15.9253 
-10.2754 -15.7452 
-9.60554 -15.9871 
-6.50804 -17.0647 
-7.60585 -17.7038 
-10.4275 -16.0103 
-9.73397 -17.3689 
-9.31644 -16.7502 
-7.45312 -18.3325 
-9.8555 -16.6909 
-10.0005 -16.558 
-6.75968 -18.2442 
-6.2422 -17.7602 
-6.32819 -18.4264 
-7.17044 -17.4765 
-10.3846 -15.8222 
-9.4082 -16.4849 
-7.07125 -18.2315 
-7.96646 -17.7507 
-6.32458 -17.8507 
-4.31425 -17.8011 
-5.92501 -18.3449 
-6.41969 -17.2538 
-6.49246 -17.0465 
-10.053 -15.7803 
-7.56252 -16.7 
-8.08331 -16.6529 
-7.13513 -16.9312 
-5.14774 -17.5974 
-4.82877 -17.9756 
-5.88666 -17.693 
-2.54366 -19.3074 
-6.70382 -17.5084 
-6.728 -17.3756 
-5.16338 -17.9022 
-5.95929 -17.287 
-7.16762 -16.8898 
-4.84083 -17.7546 
-9.5869 -16.6397 
-9.28425 -16.8823 
-9.62583 -16.5298 
-10.2609 -15.7692 
-10.2283 -16.0694 
-10.5717 -15.9704 
-10.3102 -16.1252 
-10.4041 -15.7935 
-10.6603 -15.8584 
-10.3733 -16.0972 
-10.2976 -15.8973 
-9.28357 -16.6175 
-9.96582 -16.3832 
-8.70185 -17.1396 
-10.1558 -16.2248 
-10.376 -16.1083 
-8.68616 -16.6599 
-6.73127 -17.7922 
-7.74848 -17.464 
-8.81466 -15.9379 
-10.2244 -16.198 
-10.3428 -16.0938 
-9.68098 -16.6071 
-9.49221 -16.7908 
-10.0116 -16.421 
-9.99218 -16.5962 
-8.48705 -16.5326 
-9.74828 -16.0072 
-8.46781 -17.3215 
-6.78803 -17.3798 
-7.6361 -18.1141 
-9.73958 -17.1853 
-5.64885 -17.4809 
-5.48743 -17.6824 
-5.21822 -19.0661 
-7.73208 -18.316 
-4.73576 -19.7 
-4.49083 -19.6529 
-10.3737 -15.971 
-10.6218 -15.8961 
-7.25428 -18.428 
-7.54893 -18.1818 
-9.69804 -16.6988 
-5.80536 -18.864 
-5.56189 -18.9732 
-8.97327 -17.0842 
-9.84219 -16.6815 
-9.32333 -16.3973 
-10.1496 -15.749 
-10.198 -15.7223 
-9.24777 -16.4376 
-8.24351 -17.5914 
-9.37639 -16.8386 
-10.3996 -15.7732 
-10.241 -15.7812 
-6.27719 -17.8476 
-10.6626 -15.8346 
-4.23261 -18.4642 
-8.85844 -16.6214 
-6.86876 -17.0548 
-6.4184 -18.6735 
-6.02612 -18.7092 
-1.59139 -20.2195 
-8.0961 -17.4391 
-8.99123 -16.838 
-10.0423 -16.2973 
-9.38302 -16.3349 
-9.22758 -16.4917 
-9.66947 -16.7537 
-9.37622 -16.7575 
-9.38113 -16.6239 
-8.70844 -17.1748 
-10.0178 -16.2473 
-7.63617 -17.6798 
-9.87732 -16.5047 
-8.21784 -17.5498 
-9.13014 -17.0017 
-9.84603 -15.8655 
-6.66804 -16.9772 
-2.92849 -18.5863 
-8.3755 -16.5768 
-3.36025 -18.7724 
-6.40375 -17.8135 
-5.52842 -17.6815 
-6.35305 -17.3678 
-6.80404 -17.2141 
-1.26806 -19.0851 
-7.27067 -17.4689 
-4.06569 -19.0946 
-5.41556 -17.7354 
-5.93209 -18.0568 
-8.95877 -17.6721 
-10.6234 -15.9277 
-5.7756 -17.5478 
-3.66249 -19.2487 
-7.08393 -18.2728 
-4.52743 -18.9763 
-5.65575 -18.0395 
-5.76454 -18.025 
-5.87054 -17.3268 
-5.57541 -18.3751 
-7.09141 -17.6719 
-5.01539 -19.1663 
-7.95752 -17.901 
-8.57947 -16.6338 
-9.65668 -16.7009 
-3.81814 -19.321 
-7.0232 -18.4636 
-7.71232 -18.0832 
-6.11413 -18.3188 
-5.02363 -18.7291 
-6.51001 -18.6489 
-5.29773 -19.0299 
-3.5764 -19.3873 
-7.04255 -18.0869 
-10.7353 -15.6902 
-9.39089 -16.4168 
-10.1662 -16.0001 
-9.06969 -16.9207 
-4.46715 -17.1271 
-9.57589 -16.3866 
-10.6285 -15.8929 
-8.39777 -17.1301 
-8.17199 -17.5188 
-9.69341 -16.2783 
-6.90854 -18.526 
-5.77938 -18.0588 
-6.84041 -17.5566 
-9.3913 -16.8116 
-7.75269 -17.8278 
-7.99469 -17.7518 
-4.06665 -19.1966 
-5.82429 -17.813 
-5.26936 -18.0165 
-5.11383 -19.2013 
-5.94628 -18.1346 
-6.01053 -18.067 
-3.39354 -19.1663 
-7.99641 -17.7087 
-9.32872 -16.5028 
-5.14427 -19.0936 
-8.97964 -17.4213 
-6.90046 -18.0315 
-9.23812 -16.1664 
-7.07688 -18.1405 
-7.24592 -18.2841 
-6.56917 -18.5829 
-6.83985 -18.3208 
-6.70269 -17.7801 
-8.02771 -17.6069 
-6.79543 -18.5266 
-7.25592 -18.1999 
-8.50949 -17.2444 
-6.41095 -18.7173 
-4.18224 -19.5702 
-7.86593 -17.666 
-9.80548 -16.3852 
-5.00583 -19.1054 
-8.36987 -17.4985 
-8.23796 -16.5709 
-10.1486 -15.3396 
-8.40392 -16.529 
-6.74559 -17.6924 
-8.34879 -16.4646 
-2.36953 -18.6273 
-8.08881 -16.7732 
-9.67533 -15.9493 
-10.1723 -15.7382 
-7.06922 -16.6991 
-6.44515 -16.9665 
-6.21754 -16.8931 
-10.2181 -15.3683 
-7.2033 -17.4811 
-10.2866 -16.163 
-9.35522 -16.6774 
-10.193 -16.2573 
-9.65815 -16.617 
-9.36339 -16.6907 
-7.02025 -17.6005 
-9.43733 -16.7083 
-9.26632 -16.6621 
-9.48831 -16.4123 
-9.96952 -16.4445 
-5.85027 -18.2464 
-8.36323 -17.1161 
-9.94077 -16.3347 
-8.94398 -17.6106 
-9.32278 -16.6535 
-9.46992 -16.8503 
-7.20063 -17.8398 
-9.38202 -16.9591 
-9.50743 -16.6426 
-6.78116 -17.9077 
-8.03575 -17.6556 
-7.04435 -18.1437 
-9.42762 -16.6492 
-9.89442 -15.9863 
-10.2361 -16.1243 
-10.3056 -16.1546 
-7.75763 -17.6489 
-9.46259 -16.7764 
-9.48482 -16.7451 
-9.35945 -16.5573 
-9.78939 -16.5415 
-8.82873 -17.0196 
-7.54015 -18.1249 
-6.19229 -18.4056 
-10.3027 -16.1203 
-7.68262 -17.7407 
-7.61694 -17.1666 
-4.41173 -19.1037 
-7.29922 -17.7488 
-9.3483 -16.3347 
-9.12721 -16.6774 
-9.45132 -16.7124 
-10.3359 -16.0882 
-10.4474 -16.0098 
-9.67403 -16.4836 
-10.161 -16.2371 
-9.30762 -16.5567 
-9.25484 -16.5282 
-10.0068 -16.2536 
-9.7174 -16.1181 
-10.4866 -15.8297 
-9.29136 -16.0076 
-9.36528 -16.3587 
-10.0111 -16.312 
-9.29019 -15.9955 
-8.35442 -17.522 
-10.3042 -16.092 
-9.05423 -16.4571 
-9.14787 -16.2586 
-8.79415 -16.1438 
-9.15162 -16.3734 
-10.2675 -16.0972 
-5.04797 -19.1521 
-9.54782 -16.8763 
-9.9048 -16.296 
-9.15705 -16.053 
-9.65533 -16.4304 
-9.25856 -16.528 
-9.2798 -16.1625 
-9.07786 -16.3056 
-7.88375 -17.2162 
-9.39585 -16.2721 
-9.14863 -16.2497 
-9.04068 -16.3221 
-9.08232 -16.3062 
-8.48258 -15.9873 
-10.1099 -15.7988 
-10.1111 -15.8565 
-8.47344 -16.3795 
-9.42641 -16.579 
-8.3393 -16.5668 
-8.54782 -16.8375 
-9.09453 -16.3489 
-10.5747 -15.8476 
-8.23982 -16.4687 
-10.0539 -15.8323 
-8.85261 -15.9515 
-6.88702 -16.7743 
-10.7591 -15.7677 
-8.34348 -16.5553 
-10.3054 -15.7696 
-10.3129 -15.8065 
-7.80977 -16.3848 
-8.50008 -16.5779 
-10.7465 -15.7734 
-10.3197 -15.8583 
-10.3982 -15.9132 
-6.33966 -16.9481 
-10.7224 -15.7675 
-10.2982 -16.19 
-9.13629 -17.0913 
-9.48342 -16.6999 
-9.51924 -16.9244 
-8.18624 -17.6681 
-7.36707 -18.2306 
-8.27587 -17.4839 
-4.59988 -19.1517 
-7.62731 -18.0693 
-8.28538 -17.6623 
-9.24027 -17.316 
-8.21367 -17.5424 
-7.36694 -18.3262 
-10.6324 -15.9649 
-9.27056 -16.2781 
-9.85845 -16.3213 
-6.37859 -18.3076 
-5.93251 -18.2493 
-6.48624 -18.6747 
-8.71064 -17.4963 
-7.99276 -18.0244 
-9.40375 -17.4362 
-9.33993 -16.5263 
-5.4629 -19.0216 
-7.72507 -18.0691 
-7.97695 -17.7383 
-8.53788 -17.3366 
-9.18906 -16.1891 
-7.94506 -17.7287 
-9.36459 -16.6617 
-9.1011 -16.2443 
-10.7335 -15.8049 
-9.66982 -16.5509 
-9.17338 -16.521 
-8.76947 -16.63 
-7.3047 -17.1922 
-9.14391 -16.3767 
-9.22051 -16.4333 
-9.6024 -16.3478 
-10.3607 -15.7962 
-9.99309 -16.1697 
-9.66788 -16.3555 
-10.0128 -15.8771 
-10.0938 -16.2489 
-9.86562 -16.5099 
-9.48091 -16.287 
-9.17634 -16.7213 
-6.07549 -17.9518 
-10.55 -15.897 
-10.3877 -15.8304 
-9.63104 -16.3636 
-9.44739 -16.5032 
-9.12039 -16.2795 
-10.5089 -15.9557 
-6.96244 -17.9783 
-9.34708 -16.5639 
-10.1896 -15.8005 
-9.56787 -16.6558 
-10.1602 -16.0732 
-9.45148 -16.459 
-10.6146 -15.6989 
-10.3421 -16.003 
-10.1522 -16.0732 
-9.31779 -16.6259 
-9.47378 -16.517 
-10.184 -16.0511 
-10.2087 -16.1616 
-10.2413 -16.1575 
-10.3394 -16.0953 
-10.6839 -15.8098 
-10.4388 -16.0212 
-10.6525 -15.8374 
-9.16444 -16.4158 
-10.1643 -15.8362 
-9.95117 -16.0441 
-6.35003 -17.366 
-7.82405 -17.129 
-4.27819 -18.126 
-6.58 -17.2328 
-7.20898 -17.2366 
-10.0597 -15.8913 
-7.15687 -16.7934 
-10.3435 -16.2208 
-8.85295 -16.0027 
-9.5456 -16.1187 
-10.4622 -16.0035 
-7.80167 -17.6061 
-8.87112 -17.5055 
-5.90979 -17.6715 
-10.289 -16.1014 
-4.82357 -18.7945 
-4.46751 -18.4317 
-8.07883 -18.1258 
-9.34243 -16.5 
-9.65109 -16.3082 
-9.55714 -16.0801 
-6.96412 -17.8565 
-8.18261 -17.2792 
2.34052 -17.6225 
-9.57067 -16.2342 
-9.52684 -16.2642 
-9.66083 -16.42 
-4.9449 -19.1746 
-6.72632 -18.3448 
-7.42983 -17.374 
-9.42102 -16.2167 
-8.86031 -16.875 
-9.27245 -16.9259 
-9.06031 -16.2081 
-6.71545 -18.366 
-9.48323 -16.2691 
-6.36717 -18.6724 
-9.09949 -16.6049 
-9.09892 -16.4671 
-6.814 -18.3575 
-8.81215 -16.8034 
-9.40585 -16.5683 
-7.86174 -17.5458 
-7.75358 -17.1737 
-4.90968 -19.1601 
-7.52561 -17.4923 
-7.17159 -17.6983 
-2.06992 -20.1352 
-6.71596 -17.9068 
-9.89219 -16.2349 
-8.06859 -17.4446 
-9.82701 -16.2861 
-7.38772 -17.4414 
-9.10771 -16.1795 
-9.54481 -16.5041 
-8.88487 -16.689 
-9.18185 -16.3905 
-9.2979 -16.4996 
-9.41124 -16.4733 
-10.5763 -15.8518 
-8.5536 -17.0921 
