14.5279 -11.764 
13.9489 -12.1094 
14.917 -13.3653 
14.78 -12.6029 
14.7207 -12.1337 
14.9166 -13.0036 
14.8446 -13.4645 
15.093 -11.9552 
12.7924 -13.575 
14.6754 -12.4536 
14.9296 -13.3282 
12.8862 -12.9557 
14.188 -13.5198 
13.8274 -12.4077 
8.30098 -12.929 
14.8779 -13.426 
10.3981 -13.294 
14.6848 -13.3202 
14.7937 -12.1156 
14.972 -12.9625 
14.9335 -13.2325 
14.829 -12.9991 
14.8685 -13.4156 
14.9177 -13.3311 
13.6568 -11.7891 
9.53771 -14.2404 
13.4314 -12.6823 
14.893 -13.4047 
7.99967 -12.7685 
15.0487 -12.4504 
14.5097 -11.8954 
11.267 -4.66069 
13.0774 -11.8934 
14.9631 -13.2146 
14.5819 -11.745 
14.9138 -13.3676 
14.9125 -13.373 
14.974 -13.174 
14.7786 -13.4901 
15.0063 -13.0677 
14.6486 -13.4889 
14.9591 -13.1862 
14.9365 -13.2962 
14.8977 -13.3961 
14.9215 -13.3443 
14.8387 -13.4414 
14.9174 -13.3494 
14.9132 -13.371 
14.6866 -13.492 
13.9406 -13.025 
5.68286 -10.3988 
14.8987 -12.6998 
14.7579 -13.3822 
14.8514 -13.3788 
14.7486 -13.3114 
6.54591 -11.4292 
14.8164 -13.4372 
14.9344 -13.2919 
14.8266 -13.4693 
14.9855 -13.147 
14.9897 -12.9683 
14.7082 -13.4502 
14.3314 -13.312 
14.9952 -11.6911 
14.9078 -13.3758 
13.4941 -11.5916 
14.7208 -12.6413 
14.8581 -13.2079 
10.9929 -11.4882 
5.57976 -10.3717 
14.9283 -13.3387 
14.6521 -13.3898 
14.7913 -12.9893 
5.82086 -13.3575 
11.6033 -14.6131 
14.5746 -12.9836 
14.9112 -13.0355 
14.9358 -13.3153 
14.9175 -13.3566 
14.7134 -13.4695 
14.9035 -13.3568 
14.9542 -13.2492 
14.6615 -13.2616 
14.9648 -12.9379 
14.1166 -12.8069 
14.7163 -13.4603 
14.7024 -13.3264 
14.9367 -13.0886 
9.51534 -13.1598 
14.717 -12.78 
14.6965 -13.2825 
14.9159 -12.1723 
10.5517 -12.0865 
14.8608 -13.4371 
14.9525 -13.2239 
14.8368 -13.2759 
14.9549 -13.2234 
14.8181 -13.4878 
14.4291 -12.7841 
14.8978 -13.0723 
14.8705 -13.4161 
14.601 -13.0629 
14.8433 -13.4409 
14.8209 -13.4616 
14.681 -12.5343 
13.0071 -11.9771 
10.9596 -13.4772 
9.15205 -12.7147 
14.8071 -13.4961 
14.8958 -13.3728 
14.8944 -13.3717 
12.3313 -11.778 
15.0924 -12.6753 
14.7344 -13.1291 
14.7343 -13.2752 
14.9899 -13.109 
14.9348 -12.8408 
9.71958 -15.4888 
14.7708 -12.5211 
13.8398 -10.4538 
14.7318 -13.4089 
12.3803 -13.9859 
14.849 -13.0315 
14.9531 -13.2122 
14.8768 -11.7781 
13.1209 -13.4967 
14.5612 -12.4901 
14.9437 -13.2434 
14.9147 -13.367 
6.89408 -12.4469 
13.7091 -12.0232 
14.7492 -13.437 
14.6653 -13.2369 
14.8767 -13.3971 
15.0736 -12.651 
14.8424 -13.3402 
14.8015 -13.4215 
14.8591 -13.0827 
14.9396 -12.1918 
14.7654 -13.3692 
11.8445 -13.7824 
14.6708 -13.5321 
14.9942 -13.0969 
14.7527 -13.5729 
14.9712 -12.8629 
14.925 -13.2994 
14.8893 -13.271 
14.8386 -13.4403 
14.9189 -13.3585 
6.50667 -14.0446 
14.8751 -13.4168 
14.6555 -13.5574 
14.9637 -12.8763 
14.8533 -13.4307 
14.4163 -13.7535 
14.9352 -13.2864 
11.318 -11.7798 
14.7132 -13.2356 
14.5719 -12.2032 
14.7755 -12.9171 
9.26646 -12.9757 
14.7 -13.4218 
10.5143 -12.8639 
14.8758 -13.3825 
14.9639 -13.1501 
14.8884 -13.3904 
14.0033 -13.4059 
14.7646 -13.4209 
14.9789 -12.8287 
15.1672 -12.1485 
14.8576 -13.0885 
14.9628 -13.1624 
6.8753 -12.8011 
14.8695 -13.4162 
14.9154 -13.0522 
14.9122 -13.3602 
14.6366 -13.1652 
14.8901 -12.7519 
14.7572 -13.289 
14.8565 -13.4576 
7.99553 -16.5484 
14.866 -13.4063 
14.9674 -13.089 
14.5935 -12.7085 
14.6596 -13.4467 
14.689 -12.8927 
14.7082 -13.3567 
14.6754 -13.4752 
14.7595 -13.4889 
7.20625 -13.4031 
14.8466 -13.381 
14.6612 -12.9408 
14.8959 -13.3673 
14.9436 -13.2744 
14.945 -13.2793 
13.0371 -13.7422 
14.7383 -13.3973 
14.4279 -12.1358 
14.9406 -13.2857 
14.9743 -13.1713 
13.4614 -13.3716 
14.9964 -13.1048 
14.9696 -12.7279 
14.9014 -13.3798 
8.11436 -13.1016 
14.6159 -13.5587 
14.7021 -13.2656 
13.092 -13.5603 
14.762 -13.4369 
6.25115 -12.752 
14.9039 -13.3239 
14.7193 -13.1588 
14.8388 -13.4684 
15.0171 -12.7396 
14.6903 -13.3992 
6.09674 -14.3868 
14.8159 -13.4595 
14.5603 -12.8452 
14.8493 -13.4204 
5.15596 -15.2012 
14.8052 -13.459 
14.7919 -13.5119 
6.36968 -11.8852 
14.723 -13.4312 
4.07189 -16.1495 
14.6907 -13.6582 
14.6695 -13.0454 
14.941 -13.1448 
14.9169 -13.0631 
11.1408 -13.4389 
14.9506 -13.0043 
14.9355 -13.2998 
5.06303 -13.2089 
14.9156 -13.3472 
14.2065 -11.9759 
14.7971 -12.0201 
14.9116 -13.2686 
14.9065 -13.377 
14.5292 -13.6514 
15.0076 -13.017 
15 -12.9806 
14.9536 -13.2508 
13.5675 -11.8179 
14.8176 -12.1317 
13.7085 -13.122 
14.6613 -13.1727 
14.5419 -12.9164 
14.9029 -13.3331 
13.5253 -13.2266 
14.8628 -12.1605 
14.7636 -12.843 
2.31618 -18.6358 
6.81017 -11.9171 
14.5059 -11.6794 
5.8409 -11.7452 
14.6989 -13.179 
14.8806 -11.7338 
7.9701 -14.5019 
8.56953 -13.6249 
4.07426 -18.1369 
12.2984 -11.4211 
14.9383 -12.7628 
14.18 -10.8556 
14.7918 -13.4369 
14.9381 -13.1259 
14.1121 -12.2814 
14.8702 -13.3606 
14.939 -13.3052 
14.9085 -13.3801 
14.9384 -13.2947 
14.7408 -13.5123 
14.7406 -13.59 
14.8574 -12.7014 
14.6396 -13.2219 
10.5288 -15.8334 
14.7554 -13.4225 
14.772 -13.5337 
14.8454 -13.4583 
14.5813 -13.5213 
10.5163 -12.6248 
14.8263 -13.4231 
14.872 -13.3985 
13.1579 -11.3933 
14.8798 -12.5522 
14.8583 -13.3718 
14.9968 -13.0988 
14.7905 -13.482 
14.187 -11.9048 
7.68897 -11.2619 
14.7661 -12.9415 
14.3839 -12.1263 
14.6466 -13.4831 
14.9326 -13.3236 
14.7352 -13.505 
15.0155 -12.4868 
14.8399 -13.4784 
14.8994 -13.3917 
14.7194 -12.9033 
14.8537 -13.4496 
12.285 -11.8478 
14.654 -13.1613 
14.9143 -12.3333 
14.5404 -11.4593 
14.9436 -13.2493 
14.671 -13.562 
14.9661 -13.2025 
13.0179 -14.3669 
14.9936 -13.095 
11.1337 -12.4471 
14.7027 -12.4026 
13.0563 -12.0863 
8.67468 -13.8451 
7.56978 -12.4642 
6.09411 -12.2044 
14.9482 -13.2691 
15.0796 -12.4258 
14.7148 -13.0096 
5.94092 -12.1143 
14.9122 -13.1988 
13.6772 -13.0963 
12.0592 -11.8253 
14.9127 -13.3509 
13.7514 -13.2294 
15.0908 -12.5451 
15.0582 -11.781 
14.9381 -13.304 
14.8909 -13.4054 
14.6551 -13.3369 
14.5171 -11.6837 
13.212 -13.4781 
14.7923 -13.352 
14.0539 -12.3842 
14.926 -13.3011 
5.86053 -13.1541 
14.805 -13.4811 
14.729 -13.4446 
14.5913 -13.2252 
14.9103 -13.3574 
14.8713 -13.3976 
14.9026 -13.3727 
14.9165 -13.2081 
14.8643 -13.2993 
14.5533 -11.7312 
6.30325 -12.2233 
14.6453 -13.2205 
14.7938 -11.5747 
14.8031 -13.4833 
14.9656 -13.2164 
-0.386726 -19.8829 
8.85266 -13.3125 
7.98401 -12.9988 
6.14528 -10.8858 
13.4007 -13.233 
14.7948 -13.4935 
11.7739 -14.9636 
14.9176 -12.7701 
14.6636 -12.9372 
14.9749 -13.1773 
14.712 -12.884 
14.3464 -10.4386 
14.7434 -12.1086 
8.13871 -13.2471 
5.98366 -11.1596 
14.7628 -13.3925 
14.9233 -13.3017 
14.8758 -13.1924 
14.9941 -12.3785 
14.4331 -12.8839 
14.6338 -13.223 
14.3753 -12.9436 
14.6982 -12.6158 
14.779 -13.5574 
14.9838 -13.109 
11.5025 -12.2369 
14.7561 -13.4015 
14.8122 -13.3285 
14.6955 -13.4889 
14.5434 -12.267 
5.62443 -7.74508 
14.8043 -12.7285 
14.884 -13.4186 
14.9442 -13.1123 
14.6658 -13.139 
14.4661 -11.806 
14.9764 -13.1703 
14.3764 -11.9067 
14.671 -12.348 
14.9506 -12.4085 
13.223 -12.1798 
14.6342 -13.2955 
14.644 -13.238 
14.1837 -12.684 
14.9504 -13.2538 
14.9294 -13.2809 
14.7506 -13.5817 
13.8814 -12.9835 
10.0076 -13.0366 
14.6633 -13.6366 
14.9837 -13.0567 
14.9127 -13.3605 
14.2394 -12.0302 
14.6773 -11.999 
14.7312 -13.2668 
6.14348 -12.3415 
12.7724 -13.3882 
14.5773 -13.2208 
12.2233 -13.1336 
14.8616 -12.376 
14.7409 -13.4619 
14.1526 -12.8187 
14.9367 -13.3021 
14.9729 -12.894 
14.8544 -13.4246 
14.9035 -13.129 
14.9171 -13.2437 
14.7299 -13.3812 
14.9695 -13.1716 
14.8476 -13.4183 
14.6127 -13.0316 
14.6885 -13.3495 
14.9306 -13.287 
6.70086 -12.8946 
14.9218 -13.318 
14.9115 -12.727 
14.7805 -12.3957 
15.1296 -11.6015 
14.9324 -12.9847 
15.0288 -12.518 
14.9272 -12.7178 
14.9324 -13.2262 
14.6217 -12.9741 
14.84 -13.4442 
14.4187 -11.9735 
14.7845 -13.4757 
14.7162 -13.333 
14.9252 -12.1495 
11.7869 -11.5238 
13.9565 -11.3686 
14.6193 -12.7942 
14.7005 -13.4016 
14.8408 -13.4725 
0.899324 -18.5926 
14.9334 -13.3211 
14.5265 -13.2699 
5.19539 -13.4563 
14.8687 -13.4208 
14.9834 -13.0095 
14.8678 -12.9198 
6.69399 -11.1809 
14.6494 -13.2981 
14.9436 -13.282 
14.8043 -13.4487 
14.8987 -13.3554 
14.3377 -13.8814 
14.9324 -13.3232 
14.765 -13.4486 
14.894 -13.0396 
14.1091 -13.4662 
14.9035 -13.3888 
14.9116 -13.3747 
14.6561 -13.1222 
14.996 -12.7126 
14.9492 -13.186 
14.9231 -13.3405 
14.9373 -12.3686 
14.5943 -12.399 
14.9481 -13.2641 
14.7806 -13.5481 
14.5895 -13.1551 
14.567 -11.9725 
14.6294 -13.4622 
14.9266 -13.3255 
14.6902 -13.2856 
14.9187 -13.3599 
14.8192 -13.4975 
14.8707 -13.4397 
14.4428 -12.1325 
14.4511 -13.3473 
7.16369 -9.31265 
14.942 -13.2967 
14.9342 -13.3109 
6.28653 -10.5675 
14.9708 -12.9998 
14.7455 -13.3791 
14.9334 -13.18 
14.3272 -12.6781 
5.1174 -17.9076 
14.6841 -13.0239 
14.983 -12.1678 
14.9762 -13.1108 
5.9372 -13.1916 
14.9806 -13.1145 
14.2331 -12.5342 
14.8803 -13.284 
14.8029 -13.4393 
7.51977 -11.8738 
14.8703 -13.3607 
11.7889 -11.6692 
12.9058 -9.91677 
14.8735 -13.424 
15.0053 -12.5403 
14.9276 -13.1942 
14.8537 -13.4619 
14.8448 -13.451 
14.0015 -12.1558 
14.7101 -13.2238 
14.9641 -13.2178 
13.5605 -12.4161 
4.37911 -14.7307 
14.8726 -13.4071 
14.7705 -13.5251 
14.9328 -13.3256 
14.8318 -13.2732 
14.0217 -12.9168 
10.3524 -12.7206 
14.4309 -13.4329 
14.8402 -13.4816 
12.6725 -12.5051 
14.7955 -12.8185 
8.12457 -11.8198 
14.9098 -13.373 
14.5659 -11.9502 
12.8467 -12.0456 
14.9319 -13.2829 
9.3969 -12.4245 
14.7321 -13.4313 
14.9424 -12.4311 
14.9343 -13.3088 
14.7399 -13.4472 
14.9935 -12.6463 
14.6243 -13.1889 
11.4875 -12.6743 
14.8882 -13.0444 
14.8869 -12.4676 
14.7153 -13.2734 
14.1589 -13.1932 
14.8321 -13.4646 
12.0465 -11.8215 
14.7759 -11.2006 
14.9263 -13.2043 
12.3727 -12.3214 
10.8158 -12.1316 
14.7787 -13.5491 
14.6935 -13.2799 
14.6366 -13.2169 
14.9369 -13.3082 
14.6786 -12.3795 
14.9373 -13.0033 
14.6859 -12.1052 
14.7383 -13.5241 
14.6908 -13.4017 
14.7181 -13.362 
14.9355 -12.3742 
14.9011 -13.3898 
14.9945 -12.4635 
13.3912 -11.3927 
14.9151 -13.3318 
14.4564 -12.9609 
13.932 -12.2414 
14.5539 -12.3779 
14.877 -13.355 
14.8637 -13.3966 
14.6499 -12.1299 
14.9183 -13.3463 
10.506 -12.1487 
14.9178 -13.3523 
5.47299 -9.43879 
14.9414 -13.2948 
14.6496 -12.258 
14.8804 -13.366 
14.8814 -12.3184 
9.85825 -12.8723 
13.647 -12.7921 
13.9069 -12.7172 
6.63409 -13.5951 
8.87089 -13.424 
12.5118 -12.735 
8.6285 -13.0108 
8.08383 -13.613 
12.6921 -12.1509 
7.1321 -14.1463 
6.57245 -14.2585 
7.47228 -13.9005 
6.44023 -14.114 
6.24367 -12.9534 
8.58865 -12.985 
10.7474 -12.4229 
6.02541 -12.9909 
11.1066 -12.6525 
14.6392 -13.1688 
6.01279 -11.4559 
14.5863 -13.027 
13.3482 -11.5904 
14.9466 -13.2587 
14.104 -12.9149 
14.6595 -13.0914 
14.0463 -13.1731 
12.7298 -11.9101 
6.1518 -12.4055 
8.58947 -13.2647 
5.8568 -13.1109 
14.5548 -13.5187 
7.93981 -13.5846 
8.39857 -13.5846 
8.16101 -13.4205 
7.56351 -13.4447 
9.74103 -13.1004 
7.68646 -13.567 
7.10637 -13.7975 
12.0427 -15.0057 
10.0533 -12.8951 
8.65922 -13.3592 
14.758 -13.5355 
14.769 -13.4999 
12.3274 -12.0162 
8.73833 -13.1823 
14.146 -12.9444 
11.0314 -12.8774 
8.35112 -12.915 
14.587 -12.8411 
7.66376 -16.9582 
11.9766 -12.2358 
8.2101 -13.2923 
9.76954 -12.7592 
6.49609 -13.1367 
8.27686 -13.287 
7.55637 -13.579 
14.9358 -13.179 
14.9098 -13.135 
14.9161 -13.2206 
14.934 -13.3199 
14.8692 -13.4319 
14.9342 -13.304 
14.9023 -13.3926 
14.925 -13.3286 
14.8624 -13.4489 
14.9244 -13.3281 
14.8843 -13.4155 
14.8468 -13.4604 
14.8891 -13.4138 
13.9664 -13.2897 
14.9172 -13.3374 
14.7399 -13.0955 
14.9079 -13.211 
14.9403 -13.2138 
13.2607 -14.0407 
14.8109 -13.468 
14.9231 -13.344 
14.6825 -13.5868 
14.7734 -13.5008 
14.9427 -13.2935 
14.9361 -13.3111 
14.9293 -13.2663 
14.6881 -13.5007 
14.5935 -13.3094 
14.2482 -13.1443 
8.72125 -13.3045 
8.20432 -13.0287 
14.3265 -13.0758 
14.6129 -13.0289 
14.7342 -13.5188 
14.6358 -13.2888 
12.9527 -12.2722 
7.51899 -12.5272 
10.0616 -12.8433 
14.8699 -13.4395 
7.82089 -13.355 
14.5694 -13.4511 
14.9457 -13.2736 
14.7567 -13.4804 
14.7672 -13.4254 
14.9601 -13.2323 
14.9425 -13.2806 
14.9533 -13.2573 
14.9628 -13.1719 
14.7081 -13.3633 
14.8193 -13.4346 
14.938 -13.3081 
14.5451 -12.6029 
13.5329 -13.366 
14.2101 -12.5174 
14.3149 -12.2517 
13.7108 -12.9124 
14.0995 -12.5955 
14.8735 -12.84 
14.2644 -12.0917 
13.3698 -12.1374 
13.5324 -13.0319 
14.4841 -12.543 
14.2813 -12.7045 
14.8291 -12.9003 
14.6456 -12.6821 
14.7775 -13.5595 
14.8088 -13.5249 
14.8336 -13.4866 
14.8846 -13.4196 
14.6708 -13.6755 
10.2044 -13.537 
14.6789 -13.6634 
14.2746 -13.9525 
14.9113 -13.3758 
14.6776 -13.6263 
14.8399 -13.4701 
14.7941 -13.5332 
14.8712 -13.4395 
14.6696 -13.5511 
14.5228 -13.1432 
14.5299 -13.2668 
14.6137 -13.366 
14.6214 -13.0484 
14.4863 -12.7808 
14.5831 -13.336 
14.2135 -12.8143 
8.40407 -13.1598 
12.98 -11.8 
8.19578 -13.0292 
8.43962 -13.3333 
12.9748 -12.6046 
14.6342 -13.6421 
13.8308 -12.4932 
14.5009 -13.1092 
14.8133 -13.3395 
14.7461 -13.5092 
14.7791 -13.4965 
14.9288 -13.3241 
14.8893 -13.3827 
14.7296 -13.458 
14.9511 -12.833 
14.8731 -13.4161 
9.71883 -13.1734 
7.13604 -13.3497 
6.19581 -12.896 
9.41395 -12.7676 
6.78482 -13.4784 
6.52544 -12.4849 
8.50469 -13.2846 
10.6118 -12.6363 
6.59981 -13.4616 
5.70813 -13.0616 
7.03814 -13.2969 
7.98334 -13.8094 
14.5806 -13.0611 
14.9556 -13.2329 
14.6672 -13.6073 
11.9107 -11.9039 
13.6647 2.38017 
13.5215 -12.7911 
14.6374 -13.4058 
14.1856 -11.6499 
14.0241 -11.6012 
14.6637 -12.6638 
14.8599 -13.3039 
13.2516 -11.7087 
6.30658 -10.3162 
5.67578 -10.6114 
4.42575 -14.4839 
6.04441 -11.4182 
5.84687 -10.924 
8.9238 -12.8922 
7.39872 -12.7252 
6.71632 -12.7439 
4.20533 -14.1652 
4.46424 -12.9097 
12.7755 -13.7381 
8.87215 -13.5789 
7.92158 -14.083 
8.68295 -13.5514 
7.44116 -13.243 
5.46049 -14.06 
4.22292 -15.0877 
6.12183 -12.0758 
5.75636 -13.2424 
6.15716 -13.7195 
5.05497 -14.6378 
6.66514 -17.1433 
6.54767 -12.6999 
14.8347 -13.4588 
14.8947 -13.3395 
14.8001 -13.467 
14.9038 -13.3721 
14.8863 -13.3892 
14.5885 -13.2498 
14.9212 -13.3428 
14.0102 -13.7176 
14.935 -13.2937 
14.7991 -13.3952 
14.9533 -13.2453 
14.8182 -13.3985 
14.8878 -13.3917 
14.5548 -13.3892 
14.6613 -13.4311 
14.5209 -13.1095 
14.6106 -13.5366 
8.88069 -12.9282 
9.0536 -12.7936 
13.4167 -11.7265 
14.3983 -12.3211 
14.6044 -13.4838 
14.7902 -13.5214 
13.9326 -13.0018 
7.80083 -13.0005 
14.4575 -13.4552 
14.67 -13.5163 
14.6709 -13.5217 
14.5567 -12.9289 
8.41458 -13.3431 
13.6369 -13.237 
5.91615 -12.938 
6.57828 -13.9018 
7.19495 -13.3867 
8.69376 -12.8891 
8.21526 -13.6642 
5.76306 -13.2311 
14.7098 -13.4037 
14.7542 -12.7377 
6.26357 -10.7739 
5.95295 -11.3206 
6.84827 -11.1807 
6.03828 -10.4054 
6.52904 -10.951 
13.9623 -11.4169 
5.81615 -10.6358 
5.56652 -12.749 
5.44978 -12.8538 
14.8006 -13.4599 
14.839 -13.4288 
14.7475 -13.5254 
14.6431 -13.4152 
14.791 -13.4971 
14.695 -13.6429 
14.8533 -13.4425 
14.6858 -13.5597 
14.7608 -13.4715 
14.5141 -13.4112 
14.4641 -12.9559 
14.618 -13.6652 
8.17723 -13.3953 
8.05374 -13.5295 
6.34157 -12.1425 
6.6444 -12.1279 
6.39988 -11.9315 
5.50633 -11.9251 
6.3439 -11.8157 
6.38103 -12.8909 
4.7732 -12.2319 
6.80189 -11.8796 
5.57656 -12.8518 
5.56887 -12.2724 
6.91915 -12.7328 
9.9552 -12.9598 
7.501 -13.8919 
14.0957 -13.2675 
6.89359 -13.856 
9.34633 -13.3343 
5.92116 -12.0593 
6.03073 -12.5885 
5.67199 -12.7212 
6.07829 -13.134 
13.0183 -12.4566 
5.99033 -13.2712 
13.3567 -13.3131 
14.9413 -13.248 
14.9212 -13.3533 
14.9691 -13.0992 
14.8091 -13.0271 
14.9361 -13.3116 
14.7463 -13.4798 
14.8133 -13.4745 
14.9335 -13.3205 
12.1251 -12.1306 
14.8792 -13.4055 
14.6692 -13.3984 
14.8205 -13.4396 
9.39254 -15.6049 
6.60339 -15.0328 
6.51833 -14.4142 
7.17688 -15.4156 
6.56114 -14.369 
9.16936 -14.4987 
6.90275 -15.4816 
5.6204 -15.8188 
7.36655 -14.9653 
7.6162 -17.0379 
6.2755 -16.0567 
7.02019 -14.2359 
6.92806 -16.7824 
2.39306 -18.2662 
2.20244 -18.3996 
4.81762 -15.3975 
5.92715 -13.6448 
6.21281 -13.9615 
5.99009 -15.4566 
4.8366 -16.9903 
3.96101 -16.6891 
3.94514 -16.3736 
4.01165 -16.5559 
3.86855 -16.5182 
1.6005 -18.8625 
13.8693 -13.9895 
8.48769 -13.6607 
8.59977 -13.7234 
10.0745 -13.0486 
7.86583 -13.8541 
14.3265 -13.5951 
7.60228 -14.7773 
9.34086 -13.8016 
11.1178 -12.5999 
13.2504 -14.2242 
8.42057 -14.2957 
6.62112 -14.3924 
14.7994 -13.5323 
14.8196 -13.512 
14.7788 -13.56 
14.8364 -13.479 
14.7427 -13.5927 
14.8129 -13.5103 
14.8235 -13.4994 
14.4047 -12.7298 
14.7221 -13.6083 
14.6549 -13.5449 
6.49346 -13.6036 
9.47176 -13.972 
6.84622 -14.0957 
7.10609 -12.8427 
4.93302 -13.4436 
7.67447 -13.5914 
5.82782 -12.637 
7.27906 -13.606 
6.03472 -11.2077 
5.72751 -11.0418 
5.92675 -12.3476 
6.86351 -14.0033 
3.33584 -16.8632 
6.28483 -13.4371 
5.86067 -12.64 
4.95713 -13.0883 
5.65001 -12.4739 
5.95458 -12.3403 
5.6035 -13.232 
5.19695 -13.7909 
5.73311 -12.4792 
4.514 -14.3572 
8.00427 -13.5639 
11.2225 -13.3903 
11.2174 -13.0554 
6.21572 -14.2077 
9.25811 -12.936 
14.7558 -13.5705 
8.19313 -12.6624 
11.9741 -12.7413 
11.547 -13.3575 
14.1162 -12.7982 
11.21 -12.5612 
8.16885 -13.273 
14.4492 -13.2228 
14.1389 -12.6831 
14.9172 -13.3478 
14.8554 -13.4351 
14.4481 -13.6847 
14.7636 -13.5668 
14.8106 -13.4693 
14.5957 -13.6492 
14.5396 -13.7069 
14.6885 -13.3373 
13.9927 -12.9314 
14.4982 -13.3748 
14.644 -13.1036 
14.2927 -12.9362 
13.749 -13.2293 
14.9022 -13.3891 
14.7473 -13.5167 
14.9239 -13.3462 
14.8716 -13.4265 
14.6863 -13.4718 
14.6672 -13.4933 
14.7303 -13.4623 
14.8809 -13.425 
14.8991 -13.3971 
14.604 -12.5422 
14.704 -13.5171 
14.8585 -13.4469 
14.8 -13.4939 
10.5256 -12.7764 
13.9253 -12.6052 
12.391 -13.0202 
12.4453 -13.3174 
14.6393 -13.6202 
11.9066 -12.3184 
14.0838 -12.1885 
8.118 -13.8248 
14.6408 -13.3979 
11.0816 -12.6237 
9.76295 -13.048 
8.23421 -13.1671 
9.88469 -13.414 
10.8399 -12.9544 
5.89991 -11.8409 
5.62724 -11.6631 
14.5736 -13.4071 
8.3613 -13.3599 
9.27994 -12.913 
8.05039 -13.2164 
5.59475 -11.9984 
8.14825 -13.5042 
8.08967 -13.2381 
8.02714 -13.2433 
5.92111 -11.4991 
5.83793 -11.9796 
6.22896 -11.7707 
5.79289 -12.0894 
6.02539 -12.0073 
5.72194 -11.6875 
5.44868 -12.0086 
5.78118 -11.2606 
5.97585 -11.9335 
5.67648 -11.8526 
5.84446 -11.1617 
5.79066 -11.4629 
5.06313 -14.148 
4.00122 -15.0068 
6.54396 -11.8669 
6.85944 -12.8955 
6.03962 -12.4677 
5.65024 -12.1046 
8.98398 -15.5794 
14.7533 -13.4939 
12.9486 -14.422 
14.8881 -13.4163 
14.9115 -13.375 
14.8909 -13.4047 
14.1851 -13.8051 
14.7397 -13.5077 
14.6577 -13.5021 
14.8056 -13.4923 
14.8049 -13.5052 
14.7424 -13.5147 
14.8325 -13.4936 
14.8887 -13.4129 
5.71394 -12.5948 
5.99034 -12.3214 
5.51848 -13.3567 
5.8871 -11.6885 
4.54644 -14.6861 
5.27591 -13.0218 
5.9419 -11.6568 
5.61962 -12.5412 
14.9562 -12.588 
14.8876 -13.1739 
14.7464 -13.2093 
14.801 -13.4094 
14.6085 -12.6362 
14.8291 -13.3519 
14.7963 -13.4472 
14.7125 -13.4224 
14.9565 -12.7135 
14.9628 -13.2221 
14.7476 -13.4222 
14.7346 -13.4544 
14.7379 -13.256 
14.9345 -13.2888 
14.9095 -13.3704 
14.8719 -13.352 
14.9787 -13.0685 
14.9309 -13.2606 
14.9516 -13.2628 
14.9518 -13.2248 
14.9057 -13.3755 
14.857 -13.4089 
14.9243 -13.3451 
14.9337 -13.0147 
14.9485 -12.4266 
14.706 -13.4608 
6.87594 -12.9482 
14.8086 -13.5104 
14.9026 -13.3901 
7.20917 -14.0583 
12.8031 -12.518 
13.4923 -12.3362 
9.21074 -13.0843 
14.6175 -12.9204 
6.43988 -15.1613 
14.4791 -12.8136 
6.33343 -14.333 
8.38566 -13.455 
10.2449 -15.1804 
13.8847 -13.5931 
8.52769 -13.1724 
4.45956 -14.1548 
9.12837 -13.93 
8.75878 -12.8585 
6.46326 -11.9656 
5.80891 -13.1019 
4.54796 -14.5219 
5.60811 -13.4734 
6.7297 -13.7554 
7.12045 -13.8975 
6.40512 -13.4422 
13.2231 -12.5017 
6.01287 -11.9974 
6.61438 -14.2368 
9.571 -12.7471 
7.30863 -12.9126 
5.90805 -11.1154 
8.38337 -12.5769 
8.59274 -12.0197 
5.93478 -12.0839 
6.04929 -11.2488 
6.00278 -10.0665 
5.75102 -11.7112 
5.66139 -12.0519 
8.23651 -13.1702 
7.9618 -13.1859 
6.05283 -12.8909 
8.82358 -13.2962 
9.94771 -12.8181 
10.474 -12.1761 
8.82115 -12.9556 
7.13048 -13.4564 
6.22231 -12.8414 
5.978 -12.8804 
6.95571 -12.1895 
7.10328 -12.6903 
10.0899 -12.5504 
5.53977 -12.5024 
5.70622 -11.5509 
5.85033 -12.4582 
12.5913 -11.8156 
8.61332 -12.9577 
6.47847 -11.5428 
5.75369 -10.505 
5.77932 -12.305 
6.27803 -12.0771 
5.65019 -12.2634 
14.7908 -13.5268 
14.2986 -13.1983 
