1.36016e-05 2.15515e-09 
1.04134e-10 0.9999 
0.000214264 0.0468432 
8.70746e-07 0.999923 
2.28109e-05 1 
2.9921e-09 0.00387224 
0.996294 0.950819 
4.03303e-09 0.999949 
3.97212e-08 0.966813 
0.873732 1 
1.27568e-10 1 
0.999487 5.84273e-10 
0.00176752 0.00501893 
0.00020649 0.999999 
0.00495673 0.95193 
7.34887e-07 1 
1.12104e-07 0.999998 
0.461896 0.759712 
7.74768e-05 0.902354 
0.00359579 0.516673 
5.62705e-05 0.98292 
3.94478e-07 0.999999 
0.00148178 0.999644 
4.10898e-09 1 
3.33518e-06 1 
1.71691e-09 0.999934 
0.00010036 0.999994 
4.30664e-08 0.999978 
1.93079e-05 0.320093 
1.47743e-08 0.94587 
0.882339 0.999957 
9.82793e-08 0.999986 
1 0.999731 
2.59992e-07 0.998644 
0.000260822 2.78045e-08 
1 1 
9.25331e-08 0.699 
0.140377 0.628271 
1 0.999219 
4.44622e-07 0.0763092 
0.00676819 0.0930646 
0.999704 0.999495 
8.38601e-05 0.999714 
6.10452e-09 0.999998 
1.55701e-12 1 
0.000226867 1 
2.14311e-08 1 
2.7425e-12 0.999998 
1.68543e-07 0.997323 
0.115326 1 
5.37147e-07 0.754758 
0.321365 0.999996 
0.998556 0.985277 
1.49571e-11 1 
1.45261e-10 1 
1.36841e-05 0.606352 
5.73099e-06 0.995621 
0.106726 0.127171 
2.92577e-09 0.999996 
0.932627 0.000205578 
2.55617e-10 1 
7.01151e-08 1 
5.58276e-10 0.000729098 
0.290565 1 
0.909457 0.587322 
0.999062 0.000162304 
0.999674 1 
0.0287684 1 
1.97463e-12 1 
3.51091e-07 1 
0.000493865 1 
2.83954e-10 1 
6.70337e-05 0.0868997 
0.000195865 0.974354 
0.00317663 0.416532 
0.999975 0.999999 
1.08797e-08 0.999999 
0.874826 0.999888 
1 0.99996 
2.44448e-06 0.339589 
0.999999 0.993971 
0.999992 0.99998 
2.73451e-10 0.996449 
0.00012852 0.999999 
0.00113164 0.999991 
1.61159e-06 0.00108189 
2.29323e-07 0.667143 
0.28817 0.999554 
1.88335e-11 1 
0.00132345 0.178791 
2.28283e-05 1 
0.99685 0.228013 
3.49034e-11 1 
9.7822e-10 1 
0.998556 0.000233615 
7.63018e-10 1 
5.02723e-09 0.999995 
6.84998e-08 1 
9.14938e-08 0.999994 
4.42422e-08 0.99773 
0.017407 0.99984 
2.46413e-05 0.52911 
0.975443 0.765088 
1.85771e-10 0.999999 
0.00371221 1 
0.99957 1 
2.13639e-08 1 
0.998101 0.999915 
1.54813e-06 0.0023776 
0.959286 0.330448 
0.0478708 0.707276 
1.95788e-07 0.999987 
0.00180622 0.853573 
0.000835877 1 
1.05447e-11 0.0544016 
3.31104e-09 0.999998 
3.76595e-07 1 
6.10209e-12 1 
0.996545 0.99993 
0.998293 0.200118 
4.07362e-08 0.999933 
8.86412e-12 1 
6.71319e-10 1 
0.0646407 0.999998 
0.000801708 0.999987 
0.0452559 0.999856 
0.998594 0.745169 
2.7294e-06 1 
2.00949e-08 0.999882 
3.90113e-05 0.999998 
2.86669e-06 7.43574e-06 
0.995531 7.77671e-05 
1.31882e-06 1 
2.30307e-07 0.999985 
5.83602e-07 0.999998 
5.67585e-10 0.999995 
0.678702 0.511555 
0.99999 0.999931 
4.16477e-06 0.0274141 
1.58564e-08 0.999999 
0.0155841 6.09388e-11 
0.996061 1 
0.000581637 0.999985 
2.15814e-08 1 
0.00904489 1 
1.46197e-05 0.999495 
2.13248e-07 0.996657 
5.88453e-06 6.41411e-10 
2.82887e-08 0.999791 
0.999929 0.979292 
8.23082e-11 0.998935 
1.73959e-09 1 
2.94833e-08 0.395826 
0.00168827 0.999999 
0.918816 0.604094 
0.00585027 1 
1.02435e-11 0.999999 
0.999941 0.663018 
1.54105e-07 0.957504 
1.67275e-06 1 
0.870225 0.998739 
2.79355e-07 0.999694 
0.00722653 0.999971 
0.00349631 0.013319 
6.00553e-06 0.999995 
1 0.0129719 
0.844639 0.000374569 
4.61531e-06 0.0737961 
1.28901e-05 1 
0.999632 0.993881 
1.5399e-08 1 
0.906149 0.99985 
0.000330133 1 
1 0.999929 
0.000101741 0.999699 
4.81151e-06 1 
0.185019 0.999984 
0.999595 0.000160225 
3.42788e-12 0.999985 
1.61482e-10 0.999973 
5.52995e-06 0.399276 
3.08315e-13 0.966498 
1.18896e-07 0.999253 
5.3723e-09 1 
0.0779122 0.999998 
0.999995 0.921737 
0.000183036 0.0031905 
0.209532 9.00594e-06 
9.1808e-05 0.999637 
3.57963e-11 0.190069 
2.84782e-05 1 
0.599455 0.945485 
4.12425e-05 0.999999 
1 0.0351433 
1 8.16736e-05 
0.0108308 0.999989 
0.638504 0.756093 
1.14028e-08 0.999998 
6.79874e-09 1 
0.0068949 0.999997 
2.9135e-09 0.705829 
0.988468 0.898666 
1 0.930609 
0.000365276 1 
0.999973 0.999987 
2.60696e-05 0.999999 
7.50814e-06 0.986142 
2.47999e-07 0.132172 
3.27022e-08 0.0100011 
0.502234 0.999203 
6.80678e-07 0.999985 
5.94835e-08 1 
0.00141779 0.999649 
0.0977527 0.231881 
0.999864 0.997931 
3.05728e-08 1 
6.19971e-07 0.999953 
2.28308e-08 0.958158 
7.20182e-08 0.999738 
1 0.969042 
1.0108e-10 1 
0.803454 1 
0.441825 1.76302e-05 
0.999338 0.915553 
2.27218e-06 0.998844 
4.89923e-11 0.999996 
0.000220359 1 
0.995934 0.000106064 
0.30771 0.991686 
0.000225502 0.999999 
0.204369 0.919061 
1.67936e-05 0.997729 
0.999813 0.228668 
0.999378 1 
1.36985e-05 0.999998 
1.54074e-06 0.999997 
3.47107e-09 1 
1.6932e-06 0.999786 
5.1162e-08 0.0968515 
0.565663 0.987698 
6.91423e-05 0.999942 
3.20144e-09 0.999762 
0.000886625 1 
1.11332e-09 0.999982 
1.32156e-05 0.999978 
0.00328688 0.999283 
1.01086e-07 1 
0.323672 0.00179266 
6.80624e-07 0.999999 
1 0.999999 
0.000126244 0.999953 
0.982939 0.999997 
2.64213e-06 1 
9.3645e-09 0.453812 
2.13249e-06 0.256342 
0.968167 0.994949 
0.937967 0.0449429 
1.95865e-08 1 
8.12327e-11 0.999998 
1 0.990647 
6.29179e-09 0.999996 
0.473625 0.99365 
0.791833 0.999964 
6.34592e-05 0.0486963 
5.15311e-07 0.999622 
7.015e-09 1 
6.47206e-05 3.39377e-07 
5.86975e-07 2.759e-05 
0.722919 0.186414 
1.10393e-10 0.974902 
0.867823 0.997213 
0.0279264 0.999971 
0.00167509 0.999999 
1.02198e-10 1 
2.28362e-05 1 
1 0.999973 
1 0.996267 
2.24542e-09 0.996214 
3.26915e-10 0.883239 
1.22296e-11 1 
8.58697e-08 1 
4.10056e-05 0.999974 
1 0.9999 
6.36316e-11 0.951334 
0.00360125 0.999819 
1 0.0925929 
0.00682612 0.993256 
2.90006e-10 1 
1.09699e-09 0.0412124 
1.14182e-07 0.999269 
1.75443e-05 0.999959 
0.000557356 1 
7.28073e-12 1 
2.43179e-07 0.999999 
6.89845e-10 1 
2.40794e-11 1 
2.17012e-05 2.91459e-09 
1.82749e-07 0.999997 
1.81313e-05 0.999948 
3.94427e-09 0.0419422 
0.341108 0.0298768 
3.69235e-09 1 
0.999968 0.980766 
1.79756e-05 0.999986 
1.08462e-06 1 
6.20168e-11 0.999999 
1.82607e-09 1 
5.93146e-11 0.775503 
2.88025e-09 0.998648 
1 3.62e-05 
7.93891e-07 0.999876 
0.164518 6.11288e-06 
7.72847e-11 1 
0.000380262 0.999988 
0.999996 0.995254 
1.69414e-08 1 
4.68187e-09 2.79801e-06 
0.785005 2.1783e-05 
2.52342e-08 1 
0.000698386 0.90764 
4.37687e-10 0.999999 
7.53372e-11 1 
1 8.41748e-05 
1.46925e-05 0.99999 
9.35145e-10 0.99422 
9.17694e-08 0.999996 
4.01064e-08 0.997899 
2.25891e-07 0.9894 
7.04627e-10 1 
0.00737699 0.999997 
0.995217 0.996142 
0.941935 0.000856014 
6.03957e-05 0.00033068 
6.26299e-11 1 
3.15408e-10 0.999999 
0.000132849 1 
3.44838e-07 1 
0.0250343 0.407528 
5.50509e-10 0.999999 
7.44493e-10 0.999999 
0.00656734 0.999995 
4.51297e-06 0.999399 
0.000159741 0.0025861 
0.999653 0.992009 
0.990086 0.999977 
1.16912e-06 0.999998 
0.982349 1 
3.42616e-07 0.645771 
6.40115e-07 0.00241704 
3.59347e-09 1 
0.0280508 0.00010196 
1.00886e-06 0.0303297 
1.12366e-06 0.997986 
0.00554318 0.99993 
2.46017e-06 0.999946 
6.15085e-09 0.99399 
9.57602e-11 1 
0.00146695 1.65863e-11 
0.00105422 1 
3.48161e-08 1 
1.64569e-10 1 
0.98314 0.948552 
0.000160968 0.999987 
8.67719e-11 1 
7.57755e-07 0.999998 
1.80815e-08 0.999976 
0.836926 9.41336e-09 
0.000565996 1 
1.20328e-08 0.999858 
0.00725823 0.999914 
0.00569973 0.931692 
0.901069 0.00251189 
0.000143439 0.154388 
0.620438 0.805556 
0.895181 0.413191 
0.00134716 0.999733 
0.144997 0.993689 
0.00590398 0.991948 
3.98995e-07 0.999998 
6.62654e-05 0.000150911 
0.609026 0.999954 
8.09725e-10 1 
5.43847e-09 0.970166 
3.00825e-10 0.999992 
5.81691e-08 0.995569 
2.93041e-08 1 
3.4274e-06 1 
0.993918 2.55224e-05 
5.60337e-07 0.981785 
4.79001e-08 0.318436 
2.51206e-08 0.999405 
0.987178 1 
1.52626e-07 0.298436 
5.87698e-09 0.999966 
0.00615515 1 
1 1 
5.55311e-06 0.999999 
2.07274e-12 0.999983 
7.00935e-11 0.955662 
4.45311e-11 1 
0.999958 0.855884 
0.00121107 1 
4.49319e-10 1 
0.0031991 0.882097 
0.0679479 7.57842e-07 
0.0134741 0.00462832 
0.0247795 0.999981 
0.00963456 0.999929 
1.256e-09 1 
6.09644e-11 1 
1.62487e-06 1 
3.30075e-09 0.528841 
0.000262383 0.997946 
1.43007e-10 0.999998 
1 0.00270985 
0.00502699 0.00405549 
0.000224315 0.999984 
9.99539e-06 0.95147 
0.15957 0.184601 
2.6614e-09 0.999999 
0.000102884 0.999999 
0.999996 1 
1.49205e-07 0.925067 
5.63031e-05 0.999955 
5.87505e-07 0.802422 
2.86323e-08 1 
7.21789e-07 0.999977 
0.0360452 0.999977 
6.53935e-11 1 
4.00242e-07 1 
1.45742e-09 0.00597621 
1 0.0525313 
0.00016203 0.999833 
4.82718e-05 0.999961 
0.000515626 0.99999 
4.49513e-05 1.67826e-09 
2.24522e-09 0.993571 
0.999996 0.991126 
2.59829e-06 1 
0.090052 0.0768461 
0.620982 0.0228213 
0.000125994 1 
0.000715727 0.999809 
0.999897 0.00472748 
6.25942e-07 0.59906 
0.166153 0.99108 
0.922786 0.00389504 
1.54636e-06 1 
0.820778 0.000361472 
0.0221867 0.999713 
3.09212e-10 1 
0.000106177 1 
0.0446926 0.999997 
0.0796643 0.996196 
4.63487e-06 0.999997 
2.65884e-09 1 
9.57579e-10 1 
3.84949e-06 0.999971 
3.86598e-08 0.136754 
1.52493e-08 1 
0.112508 0.997165 
1.57063e-11 1 
1.85014e-08 1 
0.010935 0.000216999 
5.98561e-12 1 
1.27623e-05 0.999406 
1 0.984554 
1.25343e-07 1 
1.11273e-05 1 
0.999985 1 
0.000606073 0.999966 
2.06762e-08 0.999908 
0.00415182 2.38982e-06 
0.999998 1.00209e-08 
1.6836e-08 1 
7.00358e-11 1 
7.63833e-09 0.978927 
1.19359e-07 0.89774 
0.999998 0.994016 
0.0024257 0.231356 
0.00177607 0.999728 
5.2159e-05 0.999999 
2.94882e-10 0.99998 
5.19258e-05 0.969078 
1.6538e-07 1 
0.000222576 1 
1.43146e-07 0.592843 
0.00179379 0.999922 
6.11927e-08 1 
1.99827e-09 1 
0.98687 0.964252 
0.433848 0.0441571 
5.71871e-09 1 
1.26015e-07 1 
3.02979e-08 0.998743 
9.5233e-10 0.125235 
0.000235997 0.999594 
4.76879e-09 0.526055 
0.000446016 1 
1 0.999945 
0.000188225 0.999994 
3.21608e-05 1 
1.39046e-08 0.470121 
0.000563544 0.995858 
0.447504 5.78258e-05 
0.00151787 0.991955 
0.998766 0.000220991 
0.00104085 0.457782 
3.93788e-05 0.999987 
0.999961 2.84711e-06 
3.29442e-06 0.000583245 
1.93681e-08 0.978456 
8.25245e-10 1 
0.766926 0.0610346 
1.55116e-07 0.999999 
0.432513 0.999993 
4.25451e-10 0.99861 
0.980509 0.986233 
0.0508801 0.999191 
0.000324778 0.862469 
1 0.990197 
0.000604172 0.999996 
3.22016e-08 0.00171173 
0.000210574 0.999986 
0.0553164 0.00220328 
0.999789 2.70838e-08 
0.640162 0.000900097 
1 6.63753e-05 
0.0946 0.00576624 
1.81445e-09 0.999993 
7.40485e-09 0.999992 
9.37151e-06 0.0250784 
0.000327331 0.956246 
0.000253821 0.999075 
1 0.999999 
0.00786011 1 
3.41932e-11 1 
1.84212e-09 0.999999 
1.85276e-11 1 
1.36713e-10 0.999856 
3.83191e-07 1 
5.40728e-09 1 
1.80214e-09 0.999996 
3.28158e-07 1 
1.08314e-06 0.962807 
0.848135 1.73106e-08 
1.52774e-10 0.920285 
1.66022e-10 0.999806 
0.0146213 0.999874 
2.01015e-07 0.175856 
0.226724 0.999907 
4.45147e-05 1 
0.537694 0.996168 
1.40153e-08 0.999149 
1.88751e-09 1 
1.26959e-09 1 
1.26481e-10 0.999164 
5.48467e-11 1 
3.95171e-13 0.952511 
2.62752e-09 1 
3.96285e-12 0.999951 
3.2234e-10 0.999979 
4.03435e-08 0.998936 
1.13105e-11 0.999407 
2.65649e-09 0.959878 
1.44824e-11 0.999995 
1.12343e-11 0.999044 
1 0.999541 
0.000747767 0.999965 
2.99098e-09 1 
3.17888e-11 0.999729 
0.417713 1 
0.000162977 0.00245503 
7.57067e-08 0.999975 
4.42197e-09 1 
8.07653e-07 0.00116802 
0.000122053 0.999248 
2.13973e-06 0.491823 
0.00237369 3.89004e-06 
7.83857e-08 2.38779e-06 
0.280822 0.999984 
0.100564 0.975707 
1.39039e-06 0.871054 
0.000578812 0.000601129 
0.000244928 1 
1.35313e-05 7.70666e-07 
0.000473578 3.17943e-05 
0.000876645 0.000152834 
5.69082e-05 0.998886 
0.00434364 0.9999 
4.33764e-09 0.556263 
7.99382e-05 1.23622e-05 
3.05714e-08 0.00153628 
3.25917e-11 0.998465 
1.05812e-07 0.0386219 
4.1299e-06 0.999997 
0.00045726 0.890501 
0.367563 1 
0.000268142 1 
1.79373e-06 0.999984 
3.93106e-09 0.999191 
2.33092e-09 1 
9.03258e-11 0.999994 
7.63282e-11 1 
9.03542e-07 0.999952 
1.78024e-08 0.999928 
2.7137e-10 1 
1.31267e-06 0.999702 
2.58121e-11 1 
2.17109e-09 1 
0.939272 0.0244556 
7.85666e-10 0.999994 
1.22437e-09 0.99989 
0.000252594 0.00107293 
6.81761e-07 2.8612e-07 
1.47158e-07 0.973924 
7.66382e-08 0.00276754 
4.80285e-08 1 
0.120226 1 
5.35936e-06 0.999732 
3.07174e-08 0.999641 
3.37624e-05 0.0710478 
0.950511 0.917123 
0.999318 0.753772 
0.143444 0.0276468 
0.999997 0.00141662 
0.015559 0.0266763 
0.993115 0.998461 
6.44456e-08 0.432905 
0.676718 0.762658 
0.44056 0.00302899 
0.416493 0.999987 
0.357426 0.997438 
0.00707105 0.962252 
5.06078e-06 1.98474e-05 
0.0253306 4.35615e-05 
9.19763e-06 1 
3.66873e-06 0.999999 
5.80724e-06 0.536584 
0.00922542 0.650155 
0.456835 1 
0.637748 0.996575 
1.08618e-07 0.273914 
0.00387317 0.986217 
5.42642e-05 8.29948e-05 
0.997627 0.961771 
5.6903e-07 0.999998 
1.06028e-10 1 
1.47666e-09 1 
0.000129181 1 
5.18554e-11 1 
0.000435985 0.842254 
6.71627e-11 1 
3.26518e-11 1 
4.06694e-11 1 
0.00119371 1 
0.999994 1 
2.18171e-06 1 
7.28566e-09 1 
1.94228e-09 0.994287 
1.8008e-07 0.892327 
1.06797e-06 0.99985 
3.30523e-07 1 
1.705e-09 1 
7.63877e-10 0.00684141 
2.61527e-12 0.997787 
0.00500022 0.00200103 
2.98121e-08 0.636104 
1.646e-11 0.00715137 
3.03685e-10 0.0151263 
1 0.98908 
1.99259e-08 0.983265 
5.64472e-12 1 
6.25534e-10 1 
2.4272e-11 1 
9.84667e-10 1 
1.90581e-10 1 
1.06497e-09 1 
0.99999 0.0096596 
2.16732e-10 1 
8.22921e-08 1 
2.11408e-10 1 
3.72471e-11 1 
0.283161 1 
1.11487e-08 1 
2.8755e-09 0.999994 
2.63812e-08 0.999541 
1.41788e-07 1 
8.71221e-09 1 
5.20257e-08 1 
5.92587e-08 1 
1.39066e-07 0.992246 
2.56222e-10 1 
1.02608e-05 0.999899 
1.5679e-07 1 
2.30022e-06 0.0052954 
6.19367e-12 0.999776 
0.000349929 1 
0.00836699 1 
0.999973 0.999863 
7.3286e-09 1 
1.08308e-08 0.999999 
7.62909e-08 0.999957 
0.979338 0.391159 
1 0.999897 
0.000846569 0.505049 
0.99997 0.994119 
2.30617e-09 0.998126 
0.999999 0.00508342 
1.59002e-09 0.999283 
3.34716e-06 0.0316303 
1.78354e-05 7.73801e-08 
4.56804e-05 0.00124558 
0.0001074 0.930236 
8.8272e-05 5.78181e-05 
0.769368 4.04535e-05 
0.00950217 1.84916e-07 
0.54987 2.17563e-08 
0.123354 1.05916e-06 
0.0155286 2.90059e-07 
3.93251e-05 0.0672767 
9.54897e-05 2.39606e-05 
0.999854 0.954929 
0.000124863 8.13538e-07 
0.941923 0.995385 
7.27616e-08 0.999933 
3.34122e-11 1 
4.55874e-10 1 
1.67449e-10 1 
0.000575329 1 
0.000132061 1 
2.81524e-11 1 
3.97964e-10 1 
1.32354e-10 1 
1.02856e-05 0.999719 
3.04826e-09 0.999998 
0.968909 0.899057 
1 0.973884 
0.00703618 0.99963 
0.101948 0.999827 
0.998495 0.999815 
0.999973 0.99997 
0.0010508 1 
0.99999 0.668466 
8.424e-06 1 
0.00617483 0.999817 
0.000748671 1 
0.000442637 0.962874 
1.23833e-06 0.999918 
0.078277 0.702452 
0.995218 1 
0.999983 0.999999 
0.999995 0.00261159 
1 0.731364 
0.99999 0.97863 
0.886189 0.989966 
0.0392281 1 
1.93755e-07 1 
0.227604 0.988471 
5.4774e-05 0.999999 
1.1519e-09 1 
3.26547e-08 0.999992 
7.42627e-11 0.999998 
9.07537e-09 1 
7.97759e-09 0.999998 
0.000871086 1 
2.39385e-07 1 
0.000230976 1 
5.16005e-07 0.999959 
2.13625e-10 1 
1.8272e-07 0.999872 
0.00484845 1 
1.69797e-08 1 
1.19233e-11 1 
1.7473e-12 1 
1.59117e-08 1 
3.67943e-06 1 
0.0045781 0.999748 
0.980163 1 
3.11225e-08 1 
0.00385352 1 
4.00167e-09 1 
0.965884 1 
3.16725e-06 0.998973 
5.11067e-08 0.999999 
1.06145e-09 1 
3.84396e-08 0.999628 
1.87084e-09 1 
5.18606e-07 1 
5.27076e-05 0.999999 
5.86266e-07 1 
0.000190528 1 
3.55694e-08 1 
4.28983e-05 1 
0.0062212 0.999925 
1 0.898906 
3.77285e-08 0.000314596 
4.51369e-12 0.0800668 
6.20377e-05 1.1504e-09 
1.80023e-11 0.969736 
1.44433e-05 0.14015 
2.35935e-09 0.999995 
5.30052e-11 1 
5.58984e-05 0.00351259 
8.56636e-11 1 
4.31509e-12 0.999906 
1.18154e-07 1 
4.22997e-07 0.997371 
1.94502e-06 1 
1.71539e-10 1 
7.50988e-08 0.614472 
0.00142829 1 
0.00192663 0.0113367 
2.65337e-05 0.999996 
4.64695e-06 1 
4.46186e-05 0.998747 
3.49653e-06 0.678328 
3.36601e-07 0.981689 
1.02058e-06 0.999999 
0.0646635 1 
0.0873196 0.99992 
0.999998 6.15941e-05 
0.999999 0.999997 
3.43479e-07 0.99978 
3.05402e-06 9.53266e-06 
1.57601e-05 0.144585 
0.68966 0.977973 
0.000323256 0.999879 
5.68163e-10 0.133405 
6.84894e-06 0.0178565 
0.0172675 0.999581 
1.13596e-06 1 
0.000904017 0.980953 
0.000917536 0.999994 
0.430137 6.04993e-06 
3.31126e-07 0.920217 
0.999997 0.998577 
0.0153826 9.18151e-07 
1.21046e-07 0.999955 
6.16238e-06 0.999099 
9.17804e-08 0.999853 
9.94305e-07 0.942795 
0.0893718 0.109339 
0.00011358 1 
0.000428926 0.999999 
0.000515911 0.975471 
0.00035206 0.999992 
1 0.999971 
0.979099 0.998079 
0.965748 1 
0.00143183 1 
0.11868 1 
0.999999 0.999977 
1 0.999905 
5.70291e-07 0.999999 
1 0.999999 
1.76449e-10 1 
0.833923 1 
0.140259 1 
6.59742e-10 0.999566 
0.985831 1 
0.989259 0.990573 
7.64852e-11 1 
1.75972e-07 1 
0.0215439 0.564076 
4.15031e-06 0.999999 
1.39272e-09 1 
0.035384 1 
2.46666e-09 1 
0.0152124 0.99997 
0.999893 0.943974 
0.980422 1 
2.9073e-09 1 
0.926358 0.999907 
7.54226e-05 1 
5.10754e-08 1 
9.02897e-10 1 
0.967275 1 
3.04344e-05 0.992131 
6.88572e-06 0.928541 
0.0005171 0.287292 
7.46071e-08 0.999193 
1 0.463329 
0.000133916 0.0171319 
1.10852e-07 0.999702 
0.0424113 0.99999 
0.0308513 7.26127e-06 
6.79615e-13 1 
2.41883e-06 0.996556 
1.30931e-10 0.999989 
2.22993e-05 0.999997 
1.12611e-11 1 
1.34479e-09 1 
0.000324111 0.999989 
0.99437 0.998337 
1.6472e-07 0.999903 
0.000873298 0.901446 
9.34758e-10 1 
4.86074e-06 0.995797 
1.89503e-10 0.993838 
3.48894e-06 0.390718 
1.13676e-07 1 
3.93315e-06 1 
5.74007e-11 1 
6.1644e-07 0.980042 
1.79335e-06 1 
1.98861e-09 0.999993 
1.37798e-05 0.998989 
8.37351e-06 0.999984 
2.1816e-08 0.996349 
7.39495e-11 1 
2.02266e-09 0.99636 
4.18242e-07 0.999685 
3.8158e-10 1 
0.000101367 1 
1.72706e-05 1 
1.17089e-09 1 
4.03501e-09 1 
1.40296e-11 1 
7.0951e-09 1 
2.43433e-08 1 
2.96222e-10 1 
1.82734e-08 1 
6.31811e-10 0.999767 
2.1844e-08 1 
4.71579e-12 1 
3.52759e-09 0.999985 
1.04297e-09 1 
2.37563e-12 1 
9.95591e-12 1 
8.7306e-11 1 
5.56983e-12 1 
4.39533e-12 1 
0.0055375 1 
0.00333811 1 
0.0324129 1 
8.52899e-08 0.999572 
0.00192586 0.930381 
0.000371596 1 
3.65353e-07 0.999907 
0.999701 0.999099 
0.367642 0.0139973 
0.00530838 0.999965 
6.38062e-06 0.99547 
4.95104e-07 0.0654873 
0.151213 0.144363 
1.80192e-05 5.11039e-06 
0.0178443 0.000181669 
0.987271 0.00197467 
2.56873e-07 0.000583861 
5.22088e-08 0.963405 
0.0789927 0.0788313 
0.33748 0.999979 
2.57324e-09 1 
0.000364789 1 
1.33156e-09 1 
0.375675 1 
0.392595 1 
7.46026e-08 1 
3.76994e-08 0.999997 
6.05363e-09 0.999999 
3.61147e-06 1 
0.00333448 0.996581 
0.000562197 0.999997 
4.5084e-09 0.884074 
0.0174243 0.999622 
0.000680954 0.999997 
0.00743274 0.999936 
0.00018001 0.999998 
6.66942e-11 1 
1 0.479534 
2.00118e-09 0.999809 
2.84783e-08 0.99954 
4.47081e-12 1 
4.88358e-13 0.999999 
0.999983 0.000187119 
1 0.993956 
1 0.999748 
2.08845e-07 1 
1.32219e-09 1 
1 0.99991 
2.06676e-10 0.998656 
1.13576e-10 1 
0.887102 0.999921 
0.00667716 0.999999 
0.00113237 0.999999 
1.18744e-05 1 
5.10567e-09 1 
5.60012e-05 1 
0.00097153 0.999999 
1.76541e-05 1 
8.17536e-09 1 
0.941384 0.817961 
3.03564e-10 1 
2.38694e-07 1 
8.00813e-08 1 
2.02224e-09 1 
7.93675e-09 0.999999 
0.000298971 1 
0.00291549 1 
1.75342e-08 1 
0.158926 0.790925 
1.10063e-08 0.999997 
4.01031e-11 0.999968 
1.89551e-12 1 
2.74626e-12 1 
1.36921e-11 1 
1.99085e-10 1 
3.78738e-06 1 
2.17827e-10 1 
6.78781e-12 1 
0.00029125 1 
0.992011 1 
0.000816139 1 
0.000432244 0.999995 
0.999995 1 
0.898284 1 
4.63677e-05 1 
0.99998 0.999931 
0.911717 1 
0.999993 1 
0.000629758 1 
0.513093 1 
1.13198e-08 1 
0.0151938 1 
0.000605301 1 
2.87454e-08 1 
1.59074e-08 0.999995 
1.51625e-10 1 
0.00638058 0.489585 
0.998798 1 
6.35109e-05 0.999988 
