0.998531 6.06864e-15 
0.998451 0.406177 
1 4.64902e-10 
0.00116072 0.961944 
0.999999 1.03598e-11 
9.3603e-06 1 
1 0.413234 
0.353492 0.0125797 
0.999924 9.23358e-11 
0.981202 0.178142 
0.297229 0.997638 
0.920437 0.999859 
1 2.48304e-05 
6.22198e-05 1.48558e-08 
0.95677 6.17996e-13 
1 5.97849e-05 
9.92804e-10 0.00465435 
0.999974 2.43578e-06 
0.993073 0.999999 
0.136401 0.999973 
8.6519e-08 0.98736 
0.00210171 0.99993 
0.0027128 4.24878e-10 
1 2.90461e-15 
0.159626 7.40374e-08 
0.895302 7.36446e-05 
0.983135 1.07632e-15 
0.115176 0.999985 
0.995721 0.0214156 
0.286269 0.243713 
3.62017e-07 2.88251e-10 
1 1 
0.0405307 0.981937 
0.996517 1.61235e-05 
0.999999 5.87319e-06 
0.0279912 6.98517e-16 
3.01632e-07 1.00158e-08 
1 1.60199e-10 
0.999956 1.38648e-10 
0.999891 8.13858e-13 
0.628903 0.131683 
0.998097 0.999997 
0.107775 1.46226e-11 
0.999717 1 
0.0508419 8.07218e-09 
0.99992 5.16452e-08 
0.0652347 1 
0.00340171 0.775422 
0.999996 1 
0.999982 5.75897e-16 
0.999925 1.03756e-08 
1 2.16335e-07 
0.00032796 0.507645 
0.00263589 0.438119 
1 1.79005e-13 
4.04586e-05 5.4489e-11 
4.87938e-06 0.998064 
0.635307 0.999971 
1 1 
0.995048 1 
2.47176e-05 3.29939e-10 
0.999796 5.61745e-14 
0.0811376 0.999836 
1 0.945291 
0.999892 1.73065e-14 
1 9.42421e-13 
1 8.81375e-11 
0.999798 0.998391 
0.00131699 9.30508e-15 
4.26129e-05 0.838057 
0.206473 0.00732414 
1 0.00161124 
1 0.909942 
1 0.962127 
0.00054977 0.996851 
1 0.295609 
0.0807298 0.837677 
0.0390038 3.92024e-16 
0.999963 3.24754e-15 
1 5.87938e-08 
0.000163596 0.646974 
0.857084 2.01718e-13 
0.997872 1.48136e-11 
1.75248e-06 8.02373e-10 
0.285275 0.999353 
0.000208145 0.00346036 
2.23098e-10 1.09185e-06 
0.999999 0.127895 
0.119231 3.96334e-08 
1 8.59486e-05 
8.47827e-05 0.368836 
0.0101941 0.000515604 
0.000468232 0.999762 
0.00169232 0.00195314 
0.0101808 1.28861e-11 
0.160283 0.858366 
1 0.159498 
0.999999 3.07728e-08 
5.8241e-05 0.000827568 
0.00511551 1.4395e-10 
1 1.84834e-09 
1 0.99524 
0.00438169 4.5105e-07 
5.06444e-07 1.58932e-06 
1 0.999309 
1 1 
1 0.999999 
1 1.06643e-07 
0.0111218 7.24516e-17 
0.99998 1.0022e-06 
1 1 
1 0.998182 
0.999997 0.999913 
1 7.20699e-15 
0.999989 0.999998 
1.30629e-06 1 
0.00501162 8.42998e-06 
0.00089923 0.996924 
0.523277 1.48474e-15 
1 0.999999 
1 1 
0.969711 0.000632379 
0.999705 0.03951 
9.10571e-07 3.11598e-10 
0.0601583 0.0566335 
0.0269714 0.341745 
1 1 
0.000538492 0.999604 
1 0.99962 
0.999999 0.979539 
0.963027 0.936921 
1 2.32204e-05 
1 1.79096e-11 
0.999996 1.39296e-08 
0.000453437 0.0563087 
0.999991 1.35346e-16 
1 1.63986e-13 
0.999998 0.189858 
0.221876 3.68286e-08 
1 0.999971 
1 3.11498e-09 
0.989454 0.000127017 
2.14483e-07 6.47236e-09 
1 1 
1 0.549361 
0.00358844 0.998682 
1 8.40395e-05 
4.28143e-08 0.99998 
0.00160588 0.000621555 
1 4.07325e-05 
0.999999 0.000280738 
0.999997 4.74441e-13 
0.548268 1.31217e-06 
2.14064e-05 0.99988 
0.0303273 0.00146086 
0.00126862 3.97273e-10 
0.00546416 0.00261776 
0.0453053 6.74613e-06 
0.00020775 0.417534 
0.000174097 0.999998 
0.124245 3.19028e-13 
0.502919 0.999999 
0.99998 0.00183691 
0.830416 0.773699 
0.99975 2.75209e-08 
0.999976 0.988905 
0.000135509 0.171697 
0.0288905 6.64502e-07 
0.469185 0.999999 
0.995831 1.19622e-15 
0.999354 1.25822e-10 
9.34224e-05 0.185627 
0.879884 0.998205 
0.999994 1 
0.99187 0.421731 
0.791335 0.0276292 
0.991108 1 
0.999987 5.44433e-07 
0.943442 3.38576e-10 
0.0209123 0.00424774 
0.000415132 0.0470221 
0.00690868 9.75391e-15 
0.304157 0.999785 
1 2.04377e-15 
0.984393 0.765429 
0.997217 0.00122392 
0.392364 2.08811e-07 
3.35062e-08 4.32702e-09 
0.999996 9.18375e-11 
0.999902 3.79644e-08 
1 0.212221 
0.999649 3.96635e-08 
9.68597e-09 0.999999 
0.0003483 0.837299 
0.208351 1.50003e-15 
1 0.382998 
1 0.0186708 
0.847134 1.194e-12 
0.000124195 0.994578 
0.999178 1.67506e-15 
1 5.88992e-16 
1 0.000204072 
0.846229 0.957711 
1 0.772552 
0.00116389 0.878771 
0.17639 0.0610099 
0.99994 0.0101133 
1 0.0343439 
1 0.973011 
0.995104 0.000121459 
0.00286385 2.5116e-06 
1 4.51081e-07 
0.999978 0.00442433 
0.999922 0.15586 
0.000618069 3.19675e-16 
1 9.83228e-15 
0.999025 2.20132e-10 
1 0.000271972 
0.999975 1 
0.361698 1.09144e-07 
1 0.999956 
0.999987 1.5357e-08 
0.999993 0.999986 
1 1.81175e-08 
0.0048057 9.50598e-07 
0.999546 1.86579e-13 
1.57507e-08 0.999994 
6.9401e-05 0.949184 
6.52904e-08 4.64787e-11 
1 0.00293204 
0.0403458 0.641104 
0.999922 0.000502025 
0.0237858 7.65272e-08 
0.791501 0.000182135 
1 2.70367e-07 
0.00227465 1.24394e-13 
1 8.16804e-12 
0.0190214 0.00781999 
5.75939e-08 1 
0.342698 0.999961 
0.997151 0.999712 
0.874618 1.01649e-05 
0.999999 0.999623 
9.22263e-11 2.55772e-08 
0.89914 5.60751e-06 
0.99995 1.25324e-07 
0.0107872 9.04224e-09 
1 9.94336e-13 
4.16645e-05 0.973527 
1 0.0148545 
4.0416e-11 0.481494 
0.999999 0.990725 
0.000467932 9.89042e-08 
0.849529 0.999976 
2.69377e-06 0.973423 
1 3.93598e-13 
0.675379 4.56684e-07 
0.999989 1.88104e-08 
0.951323 0.997076 
0.999994 1.40222e-13 
0.999979 1 
1 0.955476 
0.000257092 2.39063e-05 
6.70062e-06 2.07575e-07 
0.999991 1 
1 0.213453 
1 0.00199984 
1 4.68781e-13 
0.00581563 1.10501e-09 
2.50621e-05 0.458317 
0.999965 2.97417e-05 
1 0.0691653 
0.999999 0.00756019 
1 5.91548e-10 
0.00132966 0.00363059 
0.999998 0.445918 
0.000645673 0.997132 
1 9.27963e-10 
1.46759e-05 1 
0.129092 2.49437e-08 
1 0.999991 
0.00044137 0.00107852 
6.45674e-05 1.59007e-05 
0.99998 7.67654e-13 
0.984939 0.0016646 
0.997861 0.000327652 
6.81585e-05 4.66399e-13 
0.99636 3.3087e-10 
0.0975973 4.77308e-09 
1 0.99978 
0.998192 0.0371163 
0.00540946 0.839434 
0.581279 0.0108469 
4.95084e-07 6.71611e-11 
0.0639317 0.988141 
1 0.970029 
1 4.35287e-06 
0.700128 0.999997 
0.490938 3.22718e-08 
1.42487e-05 0.612308 
0.0225968 1.31739e-16 
0.999556 3.03405e-14 
1 0.999998 
2.87764e-08 0.999996 
1 1.60115e-11 
0.999998 5.07803e-12 
0.998718 1 
0.790082 0.977648 
2.00559e-05 1.50973e-06 
0.990492 0.979927 
4.21149e-06 0.999999 
0.127155 0.999997 
0.581576 0.130294 
0.000964934 0.999773 
0.999993 1.91577e-06 
5.39431e-06 0.999225 
1 0.000390768 
1 0.00148252 
1 5.16539e-13 
1.53683e-06 0.999884 
0.999999 0.276484 
1 0.911291 
0.99038 0.126186 
2.42332e-06 0.975666 
0.983954 2.12056e-16 
1 2.41191e-05 
0.0530352 0.112509 
1 0.0013036 
1 8.76562e-05 
4.26456e-05 1.33136e-08 
1.35762e-08 2.88219e-08 
0.772625 0.346662 
0.0184039 2.24469e-08 
2.65985e-07 3.53352e-10 
1 0.999966 
1 0.999943 
0.000128007 0.999864 
0.999664 0.336827 
6.46504e-05 1 
0.998626 2.28813e-15 
1 7.76188e-15 
0.998624 0.990252 
0.747554 0.999563 
0.983529 0.999735 
0.000557502 0.999999 
1 9.66626e-10 
0.982207 1.41866e-10 
0.985823 2.23862e-14 
3.09456e-08 7.60319e-08 
0.000217517 0.133092 
0.872784 1 
0.00553975 5.32598e-05 
0.999835 1.43252e-06 
1.54695e-07 0.976831 
2.74667e-05 0.962789 
0.370043 1.40664e-12 
0.0215746 1.01266e-11 
0.999573 0.00138981 
0.999999 0.452697 
1 0.000394885 
0.632006 1 
0.999985 1 
1 0.00780296 
2.84838e-08 7.88129e-07 
2.10308e-07 0.997091 
0.0247368 1.52206e-10 
0.372603 2.80199e-11 
2.89334e-06 1.62805e-09 
1.03788e-05 0.00924455 
0.999975 0.999983 
3.88772e-07 1 
7.20403e-06 1 
1.33524e-06 9.34439e-10 
8.3619e-07 2.5145e-05 
0.212297 1.04686e-08 
1 2.74943e-08 
0.999688 0.887392 
0.0438616 0.939396 
0.000370567 0.999964 
0.0501865 0.999904 
1 2.97938e-05 
0.998555 0.999989 
4.93344e-12 1.85427e-05 
0.00350897 0.999223 
0.999996 3.07174e-16 
1 0.0758908 
1 7.29579e-05 
1 4.4282e-09 
0.997667 1 
1.9006e-08 0.999878 
1 1.516e-10 
2.20341e-08 3.92663e-05 
1 1 
7.35729e-05 0.994621 
0.805811 0.999993 
0.999907 0.999948 
1 0.895962 
1.78196e-10 7.64922e-05 
1 0.938094 
1 1.10235e-09 
1 8.6258e-08 
0.999999 0.0475795 
0.987463 0.973299 
1 3.0773e-13 
0.999979 1.1449e-16 
3.72557e-11 2.31243e-05 
0.232436 0.836833 
0.0147448 0.882504 
3.17045e-10 1 
0.742058 9.61976e-14 
1 2.38037e-06 
1 0.000152494 
0.0445632 1.43566e-15 
0.940423 0.997204 
1 4.49144e-15 
0.0376947 0.00010167 
0.999854 1 
0.00264195 3.66884e-09 
0.999641 2.05815e-10 
0.96328 0.000221567 
1 7.84352e-07 
1 3.29907e-15 
0.99982 6.31929e-12 
1.24817e-10 0.998471 
2.96772e-05 0.999925 
2.0855e-05 0.998688 
0.999435 2.26203e-06 
6.93337e-11 1.51521e-06 
0.00110919 1 
0.96884 0.842048 
9.022e-07 6.44988e-11 
0.999531 0.0694695 
0.999993 1 
0.051335 2.2589e-05 
1 1.24939e-07 
0.285238 1.18795e-13 
0.0347241 1 
0.992938 1 
0.000393921 0.998057 
0.000694506 2.34102e-08 
0.999999 1.85882e-16 
1 6.24786e-08 
1 1.76624e-15 
1 1 
0.00114846 0.98546 
0.000368843 0.999297 
0.0155077 0.894519 
1 0.000232205 
6.29704e-06 0.211735 
9.27722e-12 0.143375 
1 0.999994 
1 1.21186e-14 
0.999993 0.0036434 
2.57752e-06 0.00983072 
0.999998 0.999993 
0.954343 0.0026315 
1 1 
0.998074 3.43544e-11 
3.30891e-06 0.999978 
0.000174096 0.630406 
0.000303118 1 
0.000335424 1 
5.79064e-09 0.999999 
0.000143959 2.9028e-11 
0.994738 2.33699e-08 
0.0625823 3.65493e-07 
5.07705e-08 1.5464e-09 
1 0.00379462 
1 0.999926 
0.0383215 0.998586 
1 7.24523e-15 
0.00406584 7.82789e-17 
6.12454e-06 0.0026506 
1 0.991999 
3.63401e-05 0.980411 
0.364233 0.999838 
1 0.981091 
0.999966 0.00756295 
0.999975 0.998606 
1 1 
0.255963 0.999988 
0.999999 1.81305e-07 
1 4.39303e-14 
1 0.974904 
1 5.27005e-05 
0.456811 0.679031 
0.424187 0.999416 
0.997875 6.12722e-11 
1 0.999812 
0.999423 1 
0.140451 0.995663 
1 4.32008e-05 
0.999911 2.35035e-05 
0.999999 4.44518e-16 
0.000267564 1 
0.999977 4.14906e-14 
1 1.4259e-06 
0.0129058 0.999673 
1 1 
0.0012331 1.49791e-11 
1 2.32987e-11 
0.00274945 0.84551 
0.999187 0.999568 
2.0551e-10 1 
2.70288e-13 0.999147 
1.75724e-12 0.999999 
0.0056554 1 
2.4256e-11 1 
1.80088e-07 1 
1.37903e-12 1 
4.77255e-12 1 
2.2406e-12 0.999564 
6.1368e-10 1 
0.00842752 0.999035 
1.84859e-09 0.977327 
0.317972 1 
0.999958 1 
0.999937 0.998961 
0.999528 1 
0.999997 1 
0.999968 0.999842 
2.94897e-06 1 
9.16494e-05 1 
0.000111501 1 
0.997253 1 
3.13545e-08 1 
0.888327 2.15275e-09 
0.999999 4.27095e-15 
2.15347e-08 2.97057e-09 
3.46533e-10 4.39416e-05 
0.99786 0.0335645 
3.17015e-10 1.4768e-06 
7.91736e-07 0.0833019 
0.725762 0.86053 
1.7166e-05 0.335393 
0.955173 0.999046 
2.76827e-09 0.761167 
0.000104618 0.999996 
1.54289e-05 7.65394e-13 
5.32817e-10 0.509642 
0.683748 1 
0.851167 0.9994 
2.93497e-11 1 
1.99777e-06 1 
0.000747796 1 
8.68249e-10 0.00190186 
1.63005e-06 1 
2.58359e-12 0.999996 
0.000638483 3.31588e-05 
0.000261055 8.60197e-14 
1 0.432123 
0.96616 0.999987 
0.999674 3.2591e-08 
0.998339 0.0225227 
1 0.00868879 
0.999985 0.650574 
0.984383 8.47084e-06 
0.999998 4.10284e-10 
1.74571e-08 5.04437e-10 
0.00131811 6.5924e-09 
1.66946e-06 0.00544006 
2.33592e-10 4.41404e-08 
1 5.36041e-05 
0.317227 1.76264e-16 
1.81708e-07 2.42509e-09 
0.999936 2.97872e-07 
0.00231497 0.998356 
1 1.38668e-13 
0.996697 0.0077012 
0.999962 9.27204e-07 
0.999989 0.999441 
0.999999 3.91929e-15 
0.999899 0.997177 
1.54258e-09 1 
0.997332 0.95508 
0.999965 0.996333 
3.47912e-08 1 
8.48821e-05 0.644236 
0.972036 0.928891 
4.94677e-05 3.17215e-12 
6.50084e-05 1.1294e-11 
1 1 
2.83666e-10 9.22448e-06 
7.32863e-06 0.000160975 
3.21321e-07 0.940777 
2.0091e-10 0.000724117 
0.918919 0.0114979 
8.66814e-12 0.000157463 
0.998797 1 
2.03041e-10 9.08644e-08 
2.02157e-05 0.994334 
0.999988 4.13818e-05 
1 1.9132e-05 
1 7.65885e-12 
1 3.76516e-10 
1 2.29492e-11 
7.41374e-05 2.70608e-09 
1 3.74925e-10 
0.999955 1.24829e-12 
0.154928 0.828019 
1 2.47575e-12 
0.999851 9.65976e-06 
0.999977 4.65727e-13 
0.0181264 3.21654e-05 
1 0.121999 
0.997094 5.90858e-07 
1 0.000163039 
0.999971 0.999823 
1 1.53694e-13 
1 0.276782 
1 0.998548 
0.147145 0.998078 
1 3.30149e-06 
1 1 
0.98521 2.77414e-08 
0.997883 0.999998 
0.314165 1 
2.11188e-07 0.654193 
9.65001e-05 0.999978 
6.50869e-05 0.99836 
7.6987e-08 1.95954e-06 
2.49875e-06 0.999837 
0.32282 0.99985 
1 3.36081e-06 
3.57603e-10 0.999967 
0.921537 0.00730158 
4.95443e-07 0.0012974 
7.98933e-08 7.25913e-07 
1 0.999999 
2.18602e-06 0.430698 
2.16293e-12 0.0114439 
0.000314326 3.72614e-09 
0.638953 0.0478895 
0.599568 5.72207e-06 
1 0.417236 
1 0.0926954 
0.0851524 1.95833e-05 
0.999939 0.0174113 
0.644943 2.3728e-12 
3.2408e-08 4.48487e-07 
8.15431e-06 0.234896 
0.999999 1 
7.5903e-06 0.999962 
2.1309e-06 1.19225e-08 
1.38829e-06 0.999998 
1.7047e-09 0.923133 
4.14546e-10 6.63062e-06 
0.00394023 0.000205069 
1.2699e-09 0.187924 
2.49761e-10 0.481987 
0.446876 0.999496 
1.87176e-08 6.66492e-05 
1.53105e-12 0.00813733 
0.997246 1 
0.00105818 0.943149 
0.00237157 0.998081 
0.000905531 0.997844 
0.298602 0.946725 
1 1 
0.999934 0.0551418 
0.485478 0.138795 
0.999995 0.0685731 
0.999984 0.000159779 
0.999972 0.684577 
0.402785 0.0268496 
0.412833 0.0160936 
1 2.05474e-06 
0.999982 5.68724e-12 
1.9646e-09 0.994061 
1 6.98215e-11 
0.00192325 1 
0.683872 0.999732 
2.48094e-10 0.999948 
1 0.00100098 
1.97722e-06 1 
0.000206293 1 
1.79963e-10 0.988902 
1.7632e-11 1 
0.00355303 0.999998 
8.47023e-09 1 
0.99473 0.000261148 
6.93453e-07 2.79905e-09 
0.171062 1.19436e-07 
1.49483e-10 7.99049e-09 
3.77826e-08 4.95698e-10 
0.836713 4.38192e-06 
0.110918 5.57158e-06 
0.105473 5.37299e-09 
0.130552 3.18948e-06 
0.0354692 0.354869 
0.000672598 2.7179e-06 
0.000813253 0.649686 
6.4922e-05 0.00353417 
0.0841522 1.14414e-06 
9.8732e-05 0.999999 
2.93185e-10 0.999995 
2.21973e-07 1 
1.06642e-05 0.999983 
5.37516e-12 0.728193 
1.44211e-12 1 
0.000189211 0.999431 
2.48804e-08 0.999784 
0.000126479 0.999988 
0.999987 1 
1.43474e-10 0.999983 
1.1419e-09 0.000345701 
6.3221e-12 0.99837 
1 1 
0.997298 1 
8.36916e-07 0.999989 
1.06617e-05 1 
0.999913 1 
0.999989 0.999994 
0.999995 1 
0.999958 1 
0.999992 1 
0.395388 1 
3.06331e-05 0.999965 
0.99994 1 
0.0983549 1 
0.991454 0.000748027 
1.92207e-11 0.996804 
6.73788e-07 1 
1.20821e-06 1 
0.552625 0.228407 
0.875936 0.578473 
0.999926 0.888115 
4.31186e-08 1.76854e-06 
6.00624e-10 1 
1.34997e-08 0.976452 
0.254056 1.09927e-07 
7.5608e-09 0.000506892 
0.998754 1 
3.29462e-06 0.999999 
0.0202125 0.999994 
9.85269e-05 0.999995 
1 0.995938 
9.30216e-05 0.999992 
0.0234945 0.99998 
0.991427 1 
0.995594 1 
0.711631 1 
0.559286 1 
0.386156 1 
5.35374e-10 1 
9.90044e-09 1.07296e-05 
0.000320344 0.799152 
0.00556474 0.998923 
0.975744 1 
0.984527 1 
0.988199 0.236528 
8.50313e-07 1 
9.0607e-12 0.999999 
0.0805856 0.999987 
0.739082 1 
1.26996e-07 0.999998 
7.07584e-05 1 
4.88627e-09 1 
6.42383e-09 1 
1.69978e-07 1 
3.23305e-10 0.999925 
8.56663e-07 0.999669 
1.98339e-09 1 
0.183055 0.999999 
0.00824967 0.999999 
1 1.62294e-13 
1 0.000300133 
1 2.10612e-09 
1 2.24045e-15 
0.829926 1.35316e-06 
1 5.14211e-12 
0.999998 0.279642 
0.961389 0.997525 
1 1.47988e-05 
0.181418 0.99924 
1 0.000487986 
1 7.83798e-11 
7.6608e-10 0.999774 
0.000263879 0.999997 
7.27826e-12 0.999999 
0.00248656 0.995544 
6.09012e-10 0.999978 
9.65408e-13 0.999999 
4.68479e-12 0.00109687 
3.7665e-11 0.941784 
7.42192e-13 0.998996 
6.49934e-10 1 
1.28438e-10 0.757592 
4.23541e-08 2.47062e-07 
6.99269e-09 1 
5.16643e-09 0.999826 
8.75142e-12 1 
2.67291e-12 0.999986 
4.54747e-09 0.676459 
1.05157e-12 0.995902 
0.999998 0.00485636 
1.76679e-05 3.90695e-05 
7.83971e-06 1.61598e-12 
0.00394074 0.0322442 
2.32131e-09 4.11435e-05 
2.99202e-05 1.13536e-10 
0.0204126 1.37599e-09 
0.000246763 0.00731918 
3.01666e-07 2.13732e-07 
2.24273e-08 7.75294e-09 
2.26692e-07 2.52342e-07 
0.999998 1.21716e-11 
1.00615e-12 0.0348561 
3.53393e-07 1 
3.1972e-05 0.995076 
0.00136266 0.999498 
0.915523 1 
0.637369 3.0527e-07 
0.916775 1 
0.00316858 0.993042 
0.0370747 1.40633e-05 
0.985582 0.104141 
1 0.999999 
0.92287 0.999809 
0.996774 0.603457 
0.589863 0.648998 
1 0.999852 
6.61906e-09 1 
7.11681e-05 1 
0.990093 0.985678 
0.0781312 0.895155 
0.999996 8.18098e-12 
0.199728 0.0039608 
0.212477 0.998177 
0.99942 0.998596 
1 0.00224938 
0.999547 2.23223e-06 
0.900404 1.54224e-09 
0.999997 0.849909 
0.481496 0.000400575 
0.999947 3.08787e-08 
0.00056071 6.6984e-08 
1 2.76125e-12 
0.0336957 0.734776 
0.0234022 8.0979e-10 
7.01643e-10 4.38361e-05 
1.08676e-06 0.000230358 
0.999844 0.737812 
0.965034 0.989014 
7.61513e-08 3.47487e-07 
0.896372 3.55231e-07 
0.996593 0.126017 
1 2.86524e-12 
0.20603 0.999617 
0.999988 0.705441 
1.4656e-06 4.50147e-05 
0.00752813 0.0100251 
1.61815e-05 0.999999 
0.625722 0.00702842 
0.000146439 2.1214e-05 
0.999998 0.00372129 
4.16248e-08 0.17583 
0.000173021 0.928551 
1.05671e-09 0.990483 
1.20592e-07 6.96465e-05 
1.77828e-05 0.98557 
1.61956e-05 3.30157e-14 
1 6.18667e-09 
0.999968 4.73906e-09 
0.999989 0.00639029 
1 0.988013 
0.74403 0.00201648 
1.41756e-05 2.72545e-10 
0.998021 0.0110275 
4.75282e-05 3.14501e-09 
3.12426e-05 1.65608e-10 
1 0.000586256 
7.28283e-07 0.0213736 
6.82754e-05 1 
0.0163772 0.996362 
3.68028e-05 0.997255 
1.49583e-07 0.000490093 
0.140121 0.458503 
0.00131989 7.77852e-08 
6.2013e-09 0.994091 
5.27038e-10 1 
5.78339e-12 0.793021 
0.999995 0.229468 
1 1.24512e-06 
3.40813e-13 0.99972 
7.25341e-06 0.996579 
8.47179e-05 0.478959 
4.14625e-08 1.10148e-09 
0.00218751 1 
5.58738e-08 0.0306089 
2.75706e-06 0.0315106 
8.09254e-07 0.097254 
9.56243e-06 0.391942 
3.17971e-07 1.13733e-05 
2.39478e-12 0.000135825 
1.68616e-06 0.995887 
9.4302e-07 4.7559e-06 
0.000191541 0.146045 
0.999129 0.570638 
0.299516 1 
7.65034e-06 1 
2.99242e-05 0.892947 
0.99999 1 
2.02315e-08 0.999917 
0.00637243 1 
1.38047e-08 1 
1.22641e-05 1 
1.8766e-07 1 
0.999873 1 
0.0114129 1 
0.000206547 0.999996 
8.49584e-05 1 
0.000134682 0.999905 
0.964059 0.786035 
1 0.194907 
0.999643 6.32671e-07 
0.786782 6.40994e-10 
1 4.21614e-05 
0.999494 9.39272e-12 
0.84649 9.97343e-08 
0.848886 5.16043e-11 
3.03529e-11 0.000347409 
1 0.798683 
1 0.0392673 
0.268681 0.0987879 
0.0215805 1.65264e-05 
0.996512 1 
8.49589e-05 1 
0.000649202 1 
1.2848e-08 1 
5.65981e-08 1 
8.40379e-08 1 
6.21754e-07 1 
0.0369992 0.999794 
4.86386e-07 1 
7.01937e-07 1 
0.0409748 0.943378 
0.0272187 4.09185e-07 
0.999599 0.999933 
0.000220066 0.000109222 
0.000428378 0.832074 
2.2778e-06 0.999849 
2.20648e-11 0.777204 
1.14492e-05 0.998273 
4.53509e-06 0.998942 
1 5.45137e-13 
0.998652 8.36079e-09 
1 1.75962e-08 
0.00595497 1 
0.999998 1 
5.74759e-12 0.226724 
0.999302 0.999992 
0.999105 0.0330258 
0.999999 0.999775 
2.17128e-05 1 
2.51129e-07 0.999198 
9.90312e-09 1 
1 4.21372e-07 
1 0.999923 
0.786821 0.0159185 
8.15869e-06 0.995012 
0.999999 1 
0.032337 0.997903 
0.986259 0.999999 
0.000214255 1 
0.964577 1 
0.999254 0.584421 
0.988677 0.997999 
2.74613e-06 1 
8.48337e-05 3.03902e-10 
2.51283e-12 0.999973 
0.999488 1 
3.44328e-08 0.202707 
1.13779e-05 1 
1.79162e-07 1 
4.39141e-10 1 
1.3309e-05 1 
0.00286364 1 
0.999979 1 
5.14692e-05 0.988797 
0.0123471 0.887109 
0.0060633 0.961601 
7.28274e-09 0.999873 
1.11745e-11 0.999997 
1.08826e-09 0.999297 
1.04192e-10 0.49445 
4.58543e-07 1 
4.14152e-09 0.999979 
2.58645e-11 0.990212 
1.27898e-06 1 
4.50682e-11 0.246447 
1.052e-10 0.980474 
4.6476e-08 4.24695e-05 
3.49745e-09 0.990749 
2.97966e-12 0.948702 
9.3904e-09 8.8547e-05 
1.92785e-07 1.10846e-09 
6.03818e-06 0.798006 
0.999808 0.00335402 
0.000307319 1 
0.999993 1 
0.956584 1 
7.74621e-07 1 
0.987122 1 
0.999898 1 
0.999887 1 
1.10236e-08 1 
1.60162e-06 1 
0.999853 1 
0.000752251 4.8961e-07 
