-4.26414 -1.97316 
-3.53855 -4.7732 
-4.07586 -2.05471 
-4.7664 -1.30669 
-5.16108 -2.48807 
-2.99771 -5.26054 
-4.73851 -1.94345 
-4.36678 -4.57393 
-2.37664 -6.0281 
-3.12385 -4.43053 
-3.46522 -4.7668 
-4.68233 -0.827844 
-3.66066 -2.79745 
-4.9949 -2.85758 
-3.85766 -2.29068 
-3.84435 -3.46834 
-4.57063 -4.15531 
-3.33485 -4.24752 
-2.37499 -3.69251 
-4.05439 -3.93536 
-4.95583 -2.18657 
-5.46075 -1.6369 
-5.03718 -0.92131 
-5.63018 -0.429082 
-5.02688 -0.876579 
-3.92145 -5.34071 
-4.37633 -4.22317 
-5.05578 -1.37092 
-4.96016 -2.89753 
-3.98059 -2.46106 
-4.9391 -2.12998 
-3.90709 -3.59158 
-5.05416 -2.61152 
-5.22372 -1.30513 
-2.149 -5.62351 
-5.1643 -0.0128884 
-4.63272 -1.63983 
-5.33606 -1.10276 
-4.14197 -3.83683 
-5.17013 0.0696173 
-4.64379 -0.631255 
-5.32234 -1.87424 
-2.76068 -4.47887 
-4.84461 -2.41727 
-2.40081 -5.82551 
-4.49081 -2.18895 
-4.27188 -4.5932 
-2.68979 -4.56198 
-5.0151 -2.89051 
-3.70535 -3.1884 
-5.47754 -0.44782 
-4.85947 -1.33377 
-4.63576 -1.43101 
-4.85752 -2.87472 
-3.4749 -3.49409 
-3.68049 -5.14163 
-5.3904 -1.01581 
-4.49435 -2.89033 
-3.99839 -3.21976 
-5.2684 0.487681 
-3.30571 -4.20703 
-4.25735 -2.59481 
-2.19257 -5.51687 
-4.64409 -2.78841 
-5.29201 -1.82299 
-5.1562 -2.39643 
-5.01156 -1.0704 
-5.16924 -0.850409 
-2.88925 -4.06692 
-3.83653 -4.59923 
-4.86954 -3.17013 
-5.15319 -0.558632 
-5.14261 -1.92931 
-4.71995 -0.935525 
-5.16085 -0.433276 
-4.10736 -0.113463 
-4.35113 -3.98056 
-3.53313 -3.36211 
-4.32467 -3.14636 
-4.0763 -4.74499 
-4.00451 -3.1778 
-5.46706 -0.731778 
-2.12787 -5.53071 
-3.90191 -4.49534 
-4.61319 -1.58572 
-3.5712 -4.50173 
-4.8395 -2.96487 
-4.78496 -1.59989 
-2.25949 -4.92867 
-4.71159 -2.65333 
-4.25004 -3.73929 
-4.72718 -1.58025 
-3.31277 -5.2015 
-3.66626 -4.05983 
-4.84197 -1.79167 
-4.71637 -4.21551 
-4.36018 -4.5003 
-3.242 -5.41041 
-4.18001 -4.4988 
-5.13468 -1.53812 
-4.51288 -3.73793 
-4.38943 -3.93252 
-4.62669 -0.702672 
-4.07575 -4.40722 
-4.3288 -3.16763 
-3.11545 -3.36057 
-2.6536 -5.522 
-1.15794 -5.45291 
-4.20355 -2.19281 
-4.57734 -2.32275 
-3.8326 -3.96 
-5.2349 -2.64608 
-3.9313 -3.43632 
-4.6268 -0.963125 
-2.18465 -5.59155 
-5.0069 -2.35442 
-4.8632 -2.07875 
-3.70941 -4.85535 
-4.14117 -2.13559 
-4.81103 -1.98852 
-3.93063 -4.43467 
-3.11406 -3.18149 
-3.21223 -5.09395 
-5.34401 -1.41176 
-5.05087 -2.82875 
-4.08846 -2.50639 
-4.47732 -2.76103 
-3.47888 -5.42619 
-5.40642 -0.968828 
-5.04762 -3.12528 
-4.43711 -2.31197 
-5.00052 -1.2241 
-4.81852 -0.489788 
-4.18053 -2.60354 
-4.56104 -4.30374 
-4.89712 -3.2471 
-4.33885 -2.82593 
-4.77533 -1.20427 
-5.06596 -1.1582 
-4.25649 -4.73817 
-4.27506 -2.02893 
-2.97285 -4.96717 
-5.5767 -1.10816 
-4.2562 -3.74708 
-3.20639 -5.10622 
-5.06537 -1.35934 
-5.24627 -0.940315 
-3.71843 -2.90683 
-4.60566 -3.68725 
-4.24842 -1.58144 
-1.92575 -4.97581 
-4.89017 -2.07489 
-0.981754 -4.12302 
-4.99463 -1.34974 
-4.77071 -1.7763 
-4.71517 -2.16846 
-2.61832 -5.02496 
-4.10974 -2.00258 
-3.65813 -3.87972 
-3.23814 -3.22888 
-4.637 -1.49121 
-4.40432 -4.50587 
-5.59334 0.222785 
-4.77591 -0.998543 
-5.59629 -0.350142 
-5.29439 -0.97427 
-4.30011 -2.07824 
-3.90617 -2.09792 
-5.08899 -2.8433 
-4.49535 -2.91436 
-2.52713 -5.41601 
-4.05974 -4.30354 
-3.85318 -4.5167 
-4.18285 -2.76923 
-4.44711 -2.43014 
-5.22409 -2.14947 
-4.2322 -2.6078 
-5.07129 -0.939273 
-3.39973 -4.68159 
-4.034 -5.13894 
-3.97008 -2.1674 
-1.72135 -4.73557 
-3.93119 -2.3895 
-3.81219 -5.18145 
-4.92962 -1.09502 
-5.00679 -1.40702 
-5.3897 -0.982765 
-5.23213 -0.32312 
-3.73795 -2.99603 
-2.09504 -5.51302 
-4.82607 -2.33687 
-4.49016 0.338625 
-4.55205 -2.28492 
-4.17409 -2.23317 
-4.5333 -3.33199 
-4.47989 -2.91396 
-2.60412 -2.04378 
-4.47364 -4.63712 
-4.17635 -4.23079 
-2.95612 -4.88167 
-5.0556 -1.26464 
-4.51657 -2.80346 
-5.12362 -0.995721 
-4.24501 -2.59486 
-5.02227 -3.72046 
-3.79892 -1.68571 
-5.06646 -2.95935 
-4.05384 -4.77072 
-2.93869 -4.2182 
-5.05274 -1.96374 
-5.569 -0.663138 
-3.94342 -3.75618 
-5.03458 -2.35772 
-4.19945 -3.05709 
-4.15219 -3.26603 
-4.44523 -3.23669 
-5.14529 -1.45722 
-1.21858 -4.80507 
-4.47363 -3.93832 
-2.89073 -3.46549 
-3.91405 -4.58051 
-3.49711 -3.0486 
-5.22153 -0.593184 
-4.82949 -1.88586 
-5.19166 -1.13937 
-1.15826 -5.15421 
-4.37081 -2.82287 
-4.3748 -2.42074 
-4.04051 -3.59452 
-5.24768 -2.54985 
-5.15962 -1.64067 
-5.3251 -2.42563 
-4.81736 -0.921621 
-4.64418 -1.7279 
-5.13019 -1.54989 
-4.76022 -2.93615 
-4.28895 -3.66919 
-4.51891 -2.15151 
-1.23951 -4.71315 
-4.66068 -2.76079 
-4.64025 -1.85876 
-3.96064 -2.00434 
-4.40926 -2.33174 
-4.47151 -4.24902 
-2.5934 -4.20387 
-3.37868 -4.34691 
-4.30594 -4.29212 
-5.18976 0.0934473 
-4.97547 -0.844044 
-3.19936 -2.87762 
-4.87538 -2.05893 
-4.91997 -1.58665 
-4.35498 -4.07249 
-3.77456 -1.96444 
-5.32787 -1.37802 
-5.34966 -0.83816 
-5.10612 -1.35009 
-4.55976 -2.9384 
-1.12675 -5.04468 
-4.95976 -2.1071 
-5.53002 -1.04253 
-3.39476 -2.56757 
-4.67151 -1.83447 
-5.39681 -1.01335 
-4.50555 0.113127 
-5.29655 -1.08077 
-3.89325 -2.61946 
-4.85442 -1.91196 
-5.26754 -1.74941 
-1.07542 -3.82771 
-4.72469 -2.08706 
-4.57355 -1.82974 
-4.09613 -2.93105 
-5.18713 -3.25113 
-4.07953 -3.39022 
-4.45415 -2.70487 
-5.6005 0.201251 
-3.63044 -4.30425 
-4.08551 -2.53216 
-3.35938 -4.89822 
-5.16042 -2.69712 
-4.92644 -2.06457 
-4.05885 -2.93578 
-3.05244 -4.58099 
-5.00165 -0.949931 
-4.42804 -1.41122 
-4.73776 -1.83176 
-3.34514 -5.1936 
-3.71164 -2.64094 
-4.96017 -3.57379 
-4.23568 -4.11106 
-5.05606 -1.48586 
-3.25481 -5.27677 
-5.47661 -2.58514 
-4.44657 -4.20649 
-3.51881 -4.4221 
-1.68193 -5.28346 
-4.61819 -3.34824 
-3.63157 -4.58032 
-1.01822 -4.26278 
-4.52333 -2.31623 
-4.29118 -2.23196 
-5.26847 0.0444315 
-3.70684 -3.64415 
-4.78633 -2.18861 
-4.20443 -4.71064 
-4.31615 -4.44164 
-3.30004 -4.65595 
-4.353 -1.23825 
-4.24826 -1.64267 
-4.64432 -1.64996 
-3.43769 -2.59192 
-3.29176 -4.72107 
-3.90073 -2.14252 
-4.17485 -3.73334 
-3.97077 -4.0501 
-3.39322 -5.34299 
-4.7048 -1.52861 
-3.9847 -4.90421 
-4.17972 -3.78608 
-4.33144 -3.98256 
-4.03972 -4.3186 
-4.95602 -0.607441 
-4.73741 -3.44646 
-4.31232 -1.32579 
-4.61851 -3.39608 
-4.9511 -1.72099 
-3.41167 -4.44883 
-4.44375 -3.78169 
-5.40663 -0.528746 
-4.53615 -2.10797 
-4.22568 -2.62764 
-4.6832 -1.95461 
-3.18301 -4.89907 
-5.26283 -0.216564 
-3.76473 -3.62756 
-4.52606 -3.97313 
-3.56613 -2.0085 
-5.10938 -1.28918 
-4.50454 -1.49843 
-3.74622 -2.48181 
-4.63932 -4.13981 
-4.80777 -1.42425 
-3.45459 -3.77885 
-5.04465 -2.86788 
-5.36688 -2.06312 
-4.30921 -2.31141 
-4.71027 -2.87292 
-4.9331 -0.624145 
-5.14517 -1.9504 
-4.76129 -1.52743 
-1.83298 -5.58872 
-5.25235 -1.12663 
-5.26833 -1.3434 
-4.71721 -3.1102 
-3.53369 -3.26522 
-4.44983 -1.68929 
-4.04928 -2.77158 
-4.17631 -4.10823 
-4.31338 -4.44926 
-3.94393 -4.55007 
-4.5112 -0.521254 
-5.10914 -2.21945 
-4.59376 -3.95286 
-4.52584 -1.76004 
-4.52467 -3.67781 
-4.86659 -0.739341 
-4.15099 -2.81772 
-4.33822 -4.69456 
-4.63851 -2.14812 
-4.61964 -0.723997 
-3.70639 -3.65794 
-5.25682 -0.845782 
-5.31147 -1.05891 
-4.58935 -0.927139 
-4.9706 -0.524815 
-4.49366 -1.03573 
-3.5481 -2.65376 
-3.31049 -5.38691 
-5.28483 -0.542917 
-4.33823 -1.08 
-4.95794 -3.85838 
-4.26177 -4.72197 
-4.00887 -5.02017 
-2.65032 -3.21743 
-4.38706 -4.39821 
-5.29614 -1.13956 
-5.08678 -1.35455 
-5.38071 -0.667574 
-3.43844 -2.9831 
-2.62423 -5.56828 
-3.53604 -2.54388 
-4.7318 -2.18423 
-4.70251 -3.93758 
-4.94445 -1.4641 
-4.97734 0.84244 
-4.53373 -3.74323 
-3.05953 -4.09337 
-2.69325 -4.05212 
-2.2537 -5.45421 
-5.36899 -1.44732 
-4.10022 -2.32785 
-4.94919 -3.07295 
-4.61186 -1.82308 
-4.6986 -1.08285 
-5.06863 -3.31951 
-4.80231 -2.0004 
-4.31583 -3.46242 
-3.79907 -3.72728 
-3.027 -5.09534 
-3.42708 -5.11964 
-2.83335 -5.06571 
-4.70368 -2.70821 
-4.18036 -4.72864 
-5.13873 0.586714 
-3.60856 -4.81848 
-3.92712 -4.48451 
-4.88089 -0.350069 
-4.98964 -1.37832 
-3.08725 -3.83594 
-4.28482 -3.50368 
-3.79769 -4.58911 
-3.55975 -3.29886 
-5.11867 -2.51658 
-4.78816 -2.40676 
-4.34797 -2.73761 
-4.3188 -3.73642 
-5.00131 -1.40887 
-3.72694 -4.4199 
-5.56951 -0.875737 
-4.09826 -4.12853 
-4.26886 -0.984208 
-4.78304 -2.44817 
-4.63272 -2.54702 
-4.95464 -1.80833 
-3.49425 -2.75959 
-4.26702 -1.33446 
-4.73063 -1.73152 
-4.43196 -4.42737 
-4.12934 -1.74958 
-3.66819 -0.858011 
-3.50003 -5.4865 
-4.82774 -2.18014 
-4.5179 -1.41847 
-4.56388 -4.12042 
-4.54543 -1.94987 
-5.02679 -1.2507 
-3.43184 -4.2533 
-4.36448 -3.61129 
-2.80124 -2.86058 
-3.61975 -4.36685 
-5.27235 -2.62923 
-4.87968 -1.67895 
-4.38129 -3.11329 
-4.88771 -3.84242 
-2.65915 -4.17042 
-4.51239 -2.17901 
-5.18358 -1.48268 
-4.81329 -1.72349 
-4.89217 -0.661877 
-4.81597 -1.75972 
-4.93232 -2.01858 
-5.20441 -2.97411 
-5.02783 -1.40627 
-1.65445 -5.09678 
-3.96879 -4.50985 
-5.14876 -0.408766 
-5.43883 -0.977934 
-5.16944 -3.40528 
-4.59499 -1.28285 
-4.71662 -1.45913 
-5.49523 -0.864064 
-2.25909 -5.09165 
-4.8912 -0.09394 
-3.01889 -3.6175 
-2.49388 -5.98881 
-3.89636 -4.84051 
-3.38893 -4.93646 
-4.85313 -1.94173 
-4.53957 -3.04806 
-5.12935 -1.66714 
-3.36658 -5.68782 
-2.29736 -5.31806 
-4.14493 -3.66421 
-5.1975 -2.08283 
-4.29807 -3.7359 
-3.26036 -3.31425 
-5.18467 -1.14619 
-5.32063 -0.973605 
-4.16068 -3.97278 
-4.1209 -2.06023 
-4.92209 -2.09238 
-4.20337 -1.13141 
-4.54338 -4.003 
-5.14254 -2.15373 
-3.96595 -2.47239 
-3.51188 -3.38893 
-4.04306 -3.09416 
-4.21753 -3.87171 
-5.12089 -2.39006 
-5.11064 -2.49241 
-4.43848 -2.53721 
-4.32674 -1.71348 
-5.14354 -1.18106 
-5.41995 -0.686381 
-4.91693 -0.234987 
-4.37346 -2.1914 
-4.51235 -2.69949 
-4.88854 -3.77977 
-4.14553 -2.79208 
-2.8136 -4.54429 
-4.45941 -2.60836 
-3.43265 -4.49205 
-4.94214 -2.5655 
-3.53378 -5.05233 
-4.95106 -0.824619 
-3.45449 -2.50111 
-4.2872 -2.08164 
-3.67491 -2.68309 
-3.05374 -4.47113 
-4.44014 -2.03997 
-5.03807 -2.06238 
-4.56522 -1.82026 
-5.45009 -0.295512 
-4.53183 -2.12304 
-5.12411 -1.5219 
-3.8965 -2.44724 
-4.19036 -2.12168 
-4.39623 -1.08959 
-4.07026 -2.26464 
-3.78273 -4.36168 
-3.60318 -2.29202 
-3.13156 -2.10374 
-4.094 -2.98388 
-3.64862 -1.65521 
-2.84001 -2.91064 
-2.70968 -3.87787 
-2.56124 -4.70248 
-3.14252 -3.21416 
-2.49981 -4.17517 
-4.12868 -3.54539 
-3.72292 -3.59321 
-3.16799 -3.14757 
-3.57451 -3.44477 
-4.61661 -2.42195 
-4.20542 -2.04806 
-3.90093 -3.22786 
-4.47526 -2.8588 
-5.41565 -1.21445 
-4.77497 -2.36883 
-4.86966 -1.85904 
-3.75544 -1.89242 
-4.95149 -1.9753 
-4.92817 -2.07881 
-4.59586 -2.97514 
-3.92905 -4.23773 
-3.34008 -4.96016 
-2.95093 -5.14941 
-1.79363 -4.77896 
-2.33131 -5.10269 
-3.15226 -5.03883 
-3.44633 -5.07765 
-2.26152 -4.84445 
-2.30387 -4.9999 
-3.93472 -5.04822 
-2.54985 -4.84613 
-3.46427 -5.45288 
-4.77259 -2.37247 
-4.68803 -3.86505 
-4.0365 -3.97859 
-3.75828 -4.86833 
-3.45745 -4.04506 
-4.29687 -3.35439 
-4.62933 -2.92591 
-3.96151 -4.68625 
-4.23013 -3.04867 
-4.41407 -3.25027 
-4.80932 -0.951554 
-4.75819 -1.37808 
-4.4961 -1.58919 
-4.30105 -1.73505 
-4.03043 -2.84919 
-3.76211 -2.72172 
-3.79734 -2.61563 
-3.31956 -3.34209 
-3.90799 -2.52242 
-3.9414 -3.46639 
-4.22231 -2.6157 
-4.35005 -2.58122 
-4.21206 -3.18309 
-2.8334 -3.55602 
-4.62487 -2.74369 
-3.75046 -3.33516 
-3.66513 -4.19566 
-3.7969 -2.96277 
-4.29864 -3.76606 
-4.46415 -2.6119 
-3.62671 -3.35963 
-3.93118 -4.46383 
-4.4801 -3.86451 
-4.32877 -4.44979 
-3.8665 -4.19258 
-3.46936 -4.71915 
-3.8156 -4.31564 
-4.66372 -3.96383 
-4.92366 -3.29103 
-4.02513 -4.0528 
-4.66704 -3.74041 
-3.61533 -4.84029 
-3.97112 -3.88785 
-4.96385 -2.16331 
-2.96144 -2.87193 
-3.85009 -3.20953 
-4.05966 -2.78542 
-4.48925 -1.92886 
-3.70623 -3.37838 
-4.22856 -2.30364 
-4.14337 -2.18309 
-4.87818 -0.487272 
-4.72864 -1.45773 
-5.01061 -2.31618 
-3.85318 -3.56626 
-4.0359 -2.69971 
-4.43839 -3.20441 
-3.86227 -3.48108 
-5.04441 -1.5067 
-4.98223 -2.20099 
-4.17333 -2.53635 
-2.99604 -4.20221 
-4.75097 -2.58932 
-4.69417 -1.7541 
-4.64452 -2.47571 
-5.0745 -1.77047 
-4.45037 -3.32255 
-3.52044 -2.52156 
-3.59121 -2.57899 
-2.97927 -2.88083 
-2.91154 -2.22453 
-3.47367 -2.26599 
-4.08631 -0.446211 
-3.47691 -2.74866 
-3.65813 -2.34168 
-3.9735 -2.47509 
-4.02219 -2.48903 
-4.2256 -1.81275 
-4.0259 -1.41923 
-3.76519 -4.70589 
-3.92418 -4.43196 
-3.1872 -4.86746 
-3.99864 -4.45371 
-3.71948 -4.4149 
-3.54491 -3.62336 
-3.05337 -4.26603 
-3.50371 -4.9154 
-2.96535 -4.27541 
-3.12467 -5.72124 
-4.11285 -2.70786 
-3.97856 -3.91358 
-1.73043 -4.81595 
-3.1132 -4.89083 
-4.68371 -3.87961 
-4.06401 -4.50035 
-4.2328 -3.86802 
-3.73905 -4.79252 
-3.65387 -5.13761 
-2.30965 -5.31309 
-4.1699 -3.92081 
-3.37009 -4.892 
-2.0598 -3.85259 
-2.24912 -4.6139 
-4.44753 -2.01461 
-3.59403 -4.419 
-3.34768 -4.67515 
-3.29315 -4.25193 
-2.19004 -4.27828 
-3.22516 -4.62974 
-2.38793 -4.96315 
-3.14859 -4.31827 
-3.22199 -2.62451 
-2.6738 -4.18301 
-2.64267 -3.99001 
-3.35551 -3.52469 
-3.25446 -5.04269 
-3.51147 -4.63584 
-4.10751 -3.48257 
-4.5393 -4.18502 
-5.0871 -2.39125 
-4.27515 -2.98262 
-5.27978 -2.46232 
-3.94386 -3.49693 
-4.1386 -4.12871 
-4.87652 -2.20521 
-4.71272 -3.61758 
-4.51561 -3.15262 
-4.27309 -3.98966 
-2.67928 -4.13805 
-3.36469 -5.32624 
-3.54748 -3.96593 
-3.0998 -3.86786 
-4.60093 -2.20887 
-1.8461 -4.94092 
-3.65198 -4.7361 
-3.06871 -4.98934 
-4.10331 -0.98793 
-3.9614 -1.36694 
-4.16381 -1.77069 
-4.18281 -2.88199 
-3.0973 -5.0355 
-4.06785 -2.12758 
-3.40789 -3.29964 
-2.34227 -4.25017 
-4.84291 -1.41665 
-4.97756 -0.704712 
-4.72378 -1.53094 
-5.02951 -1.88414 
-5.13754 -1.14516 
-4.60873 -1.33191 
-4.76597 -1.4591 
-4.80763 -1.22854 
-4.65877 -1.32223 
-4.6857 -1.13122 
-4.20269 -2.83865 
-4.34221 -1.0477 
-5.08997 -0.997821 
-4.29071 -2.66865 
-3.30897 -3.72662 
-3.14937 -4.63721 
-2.9162 -4.14721 
-2.87149 -4.35134 
-4.06053 -2.51094 
-2.92849 -4.59216 
-3.00266 -4.86158 
-2.81006 -4.76556 
-3.1895 -4.10888 
-3.88607 -3.47434 
-3.52631 -4.78903 
-3.50973 -2.00896 
-4.00376 -1.93938 
-3.81969 -3.53659 
-3.46423 -3.26642 
-3.8259 -2.17655 
-4.28208 -1.32571 
-4.13197 -3.5176 
-4.38595 -1.41878 
-3.93561 -4.50588 
-4.40896 -3.62145 
-3.482 -4.48635 
-3.79421 -4.24674 
-4.14419 -3.78418 
-2.73643 -4.94642 
-3.03498 -4.33837 
-3.30734 -4.25707 
-3.88081 -3.27769 
-3.74367 -3.7213 
-3.13988 -3.91877 
-2.59635 -4.11321 
-2.73669 -4.57432 
-3.14151 -3.37787 
-2.34374 -4.15742 
-4.99569 -3.49218 
-4.47306 -4.44733 
-3.6921 -3.39965 
-3.79574 -4.72228 
-3.47193 -3.73516 
-4.17226 -3.75222 
-4.21445 -3.6411 
-4.40024 -3.33164 
-4.74854 -2.70206 
-3.46544 -2.96824 
-4.51442 -2.98289 
-4.36623 -3.11243 
-4.24927 -3.12681 
-4.40805 -3.45226 
-3.24841 -4.82183 
-2.90893 -5.08106 
-3.52059 -3.93734 
-2.6344 -4.78845 
-3.61059 -3.2748 
-4.03635 -3.7377 
-4.27029 -4.27092 
-4.58781 -3.03055 
-3.60838 -4.46116 
-3.59492 -4.05529 
-5.08009 -3.00251 
-4.06379 -2.41262 
-2.97527 -2.72268 
-2.98062 -2.1948 
-3.21731 -1.84725 
-3.32764 -2.76719 
-3.37313 -2.0602 
-3.5048 -2.45209 
-4.29283 -1.87489 
-3.85041 -1.81819 
-3.43687 -3.08441 
-2.65665 -5.34599 
-3.4026 -4.09088 
-2.83918 -4.43406 
-2.474 -5.50633 
-1.69882 -5.86699 
-2.70897 -4.4413 
-1.67648 -5.82576 
-3.03275 -5.57763 
-1.58472 -5.29651 
-2.53364 -5.8066 
-3.34224 -4.81596 
-2.031 -4.67128 
-2.9555 -3.37428 
-3.20843 -4.75044 
-3.10145 -4.77898 
-3.26277 -4.7678 
-3.44961 -4.22971 
-3.74863 -3.99587 
-3.81169 -3.86069 
-3.61621 -4.17072 
-3.24362 -4.64844 
-3.54105 -2.86204 
-2.98501 -4.45963 
-2.96413 -3.21302 
-2.97133 -3.83094 
-3.09312 -2.95558 
-3.80148 -2.9987 
-3.50607 -2.58472 
-3.31106 -3.37649 
-2.6785 -3.41435 
-2.40964 -3.78602 
-3.08652 -3.39002 
-3.6129 -2.39218 
-3.81682 -3.31483 
-2.83034 -4.2075 
-3.88339 -3.25619 
-3.93583 -2.77657 
-4.70374 -3.64078 
-4.73655 -2.43318 
-4.00357 -3.35752 
-3.92798 -2.65694 
-3.63004 -4.07217 
-4.05582 -2.14162 
-4.31815 -2.16849 
-3.96401 -2.34699 
-4.24375 -0.615557 
-4.95868 -0.961471 
-4.45776 -1.26766 
-3.20993 -1.84093 
-3.97831 -0.419663 
-3.75827 -1.39221 
-3.62584 -2.67953 
-3.49274 -2.03635 
-4.42524 -1.884 
-4.63256 -2.9591 
-3.59119 -3.83218 
-4.10169 -2.41032 
-4.41323 -4.00538 
-4.53742 -1.01017 
-4.45668 -1.25314 
-4.04901 -3.22919 
-4.41435 -2.54896 
-3.2366 -4.47171 
-4.17768 -3.33821 
-3.61433 -4.05529 
-3.52615 -3.12865 
-3.92064 -3.11402 
-4.69797 -0.743226 
-2.38546 -4.38343 
-3.5106 -3.44151 
-3.95369 -0.810338 
-4.12886 -3.30039 
-2.52821 -3.96434 
-4.64166 -2.82464 
-2.53584 -5.20479 
-3.41088 -2.86384 
-4.29349 -1.34251 
-3.72575 -2.36422 
-3.43259 -4.38969 
-4.18321 -1.26457 
-2.79984 -4.58247 
-3.71952 -3.00565 
-3.23888 -4.42157 
-3.70705 -3.89644 
-4.91568 -3.57256 
-4.01009 -4.20781 
-3.95485 -2.40386 
-4.30257 -4.07352 
-4.25755 -1.66537 
-3.86135 -1.91624 
-4.2606 -2.28785 
-5.04978 -0.997904 
-4.20527 -1.52952 
-1.51618 -4.87859 
-4.79714 -3.06904 
-3.40334 -5.37214 
-4.13162 -4.31142 
-1.1661 -4.47837 
-3.08004 -5.63721 
-4.34522 -4.37317 
-1.74878 -5.63743 
-4.44091 -3.85945 
-3.51894 -5.09535 
-3.21209 -4.52734 
-2.94843 -5.47643 
-3.68573 -5.37663 
-3.33242 -5.74054 
-3.67976 -4.20951 
-4.22551 -3.72771 
-2.83367 -4.43786 
-4.69112 -3.59556 
-3.81109 -3.44593 
-3.44827 -4.76673 
-4.32425 -3.37881 
-4.10669 -2.52185 
-4.61665 -3.94931 
-3.34919 -4.93392 
-3.60706 -5.16798 
-4.37401 -4.15445 
-3.52488 -4.76381 
-4.26627 -2.78113 
-3.09035 -4.8747 
-2.97753 -4.43697 
-3.88872 -4.28122 
-2.82905 -4.77435 
-3.50661 -4.11249 
-3.63882 -4.38256 
-1.95785 -3.79222 
-3.31496 -4.45256 
-2.86004 -5.54953 
-2.74186 -3.22605 
-3.3973 -4.68545 
-2.14562 -4.71659 
-3.56782 -4.33303 
-3.12326 -4.9755 
-3.82368 -4.23453 
-4.02852 -4.31744 
-2.70121 -4.71733 
-3.09047 -4.44316 
-2.77564 -2.43991 
-2.50391 -3.43156 
-3.47574 -3.17342 
-3.36368 -3.85905 
-3.69229 -3.03554 
-2.91025 -3.77316 
-4.36126 -2.49462 
-4.14012 -2.30587 
-4.31258 -2.18453 
-4.78008 -1.42744 
-4.59996 -1.65495 
-3.93059 -3.22294 
-4.37766 -2.22087 
-3.97195 -3.68737 
-4.00783 -3.01235 
-4.08769 -2.81305 
-4.34308 -2.43586 
-4.56725 -2.11526 
-4.44522 -2.91186 
-5.05261 -0.886451 
-3.48248 -3.78113 
-4.06132 -3.34673 
-3.5451 -3.80662 
-3.67075 -2.558 
-3.61145 -3.08296 
-2.84438 -2.7114 
-4.01169 -3.64041 
-2.92683 -3.52541 
-4.51794 -4.15509 
-4.30171 -3.49095 
-4.98771 -2.59468 
-4.53817 -3.55761 
-5.28233 -2.7901 
-4.77871 -3.585 
-2.66846 -5.44047 
-5.13608 -2.32016 
-3.16911 -5.00239 
-4.61393 -3.02312 
-2.00053 -5.11243 
-3.48008 -4.99189 
-2.25021 -5.1888 
-1.85365 -5.67787 
-4.7763 -3.01419 
-4.62716 -1.3731 
-4.959 -0.8673 
-3.39707 -4.35862 
-3.37224 -4.51389 
-4.57374 -3.13684 
-4.01157 -4.87314 
-3.31396 -4.62711 
-4.56044 -1.07492 
-3.86099 -3.58279 
-4.09237 -3.58751 
-4.27549 -3.23518 
-2.08769 -3.63152 
-3.58047 -4.73949 
-4.70624 -2.82211 
-4.1412 -3.14085 
-3.26675 -4.76149 
-4.40829 -1.07805 
-3.19214 -4.44452 
-4.60159 -2.134 
-4.31314 -1.93351 
-4.3141 -3.28672 
-4.79748 -2.56938 
-3.9754 -3.01369 
-4.55818 -2.96997 
-4.21234 -1.0321 
-4.79707 -0.944302 
-5.30087 -1.48548 
-2.89391 -4.91906 
-1.16661 -5.30628 
-1.64851 -4.7642 
-0.847088 -5.77617 
-1.18949 -4.39703 
-1.07286 -4.42659 
-0.488675 -5.02633 
-2.3144 -4.11396 
-4.3034 -2.8968 
-4.38524 -0.926115 
-4.23681 -2.76161 
-3.61962 -1.31838 
-4.04693 -2.08143 
-3.78316 -3.26684 
-4.96563 -1.99092 
-4.20172 -2.90986 
-3.40319 -2.62118 
-4.78473 -1.76442 
-4.88213 -1.62322 
-3.61481 -2.04426 
-2.92707 -2.28721 
-3.09508 -3.99353 
-2.54637 -4.21339 
-2.09003 -4.38367 
-1.50422 -5.65675 
-2.93163 -4.18162 
-1.51229 -4.67668 
-4.0062 -2.56383 
-4.18593 -3.53122 
