-1.24674 -5.97366 
-0.580057 -6.05403 
-0.699946 -6.89529 
0.386787 -5.07352 
-1.41834 -6.16944 
-1.8154 -5.78852 
-0.588133 -4.32431 
-0.132137 -6.05653 
-0.49406 -5.79335 
-2.08043 -5.06516 
-1.90164 -6.26227 
-1.57448 -6.1636 
-1.95383 -5.90159 
0.130344 -5.66211 
0.1227 -5.8237 
-1.01172 -5.00529 
-0.921907 -6.87998 
-2.09475 -6.02747 
-1.63251 -5.20038 
-1.07924 -4.20042 
-1.4115 -6.3923 
-1.28617 -6.41038 
0.800075 -5.70867 
-0.721087 -4.31305 
-1.49067 -4.74535 
-0.988039 -4.8909 
-1.23626 -6.74298 
-2.94044 -4.58303 
0.482931 -7.16963 
-2.48041 -4.48874 
-2.06984 -5.27401 
-2.2731 -4.87212 
-1.8184 -4.77517 
-0.376146 -6.29624 
-1.2271 -5.81361 
0.156261 -5.36504 
-1.49383 -6.40891 
-4.05749 -2.74374 
-1.84936 -5.88556 
-1.38791 -6.61075 
-1.90882 -3.365 
-2.62983 -5.24705 
-0.706199 -5.94148 
-0.891323 -5.61847 
-0.978455 -5.69735 
-2.42937 -4.03769 
-1.32819 -4.37403 
-2.19738 -5.75277 
-2.57598 -5.32757 
-1.47715 -5.10887 
-1.04168 -5.6532 
0.0579405 -6.96641 
-1.76714 -3.70878 
-1.23451 -5.55559 
-1.24397 -5.63277 
-1.21569 -6.33396 
-1.49985 -3.82842 
-1.59116 -6.68044 
-0.251006 -5.51666 
-3.65504 -2.54749 
0.937967 -5.99817 
-0.519372 -4.75759 
-1.31887 -5.24023 
-2.20153 -3.38002 
-1.3735 -4.81321 
-2.42847 -5.48044 
0.878436 -5.73485 
-1.02091 -6.25406 
-1.00002 -4.82623 
-0.0886432 -6.23774 
-2.27881 -4.15054 
-1.36677 -5.50083 
0.328944 -5.00205 
-1.49612 -5.58265 
-0.680164 -6.65903 
0.966286 -6.28738 
-2.38667 -5.76018 
-2.02896 -5.35161 
-1.06941 -5.05982 
-1.27555 -5.35298 
-0.975452 -5.21441 
0.633395 -5.50087 
0.0764811 -6.56184 
-1.79273 -5.20614 
0.964917 -5.80628 
-1.82816 -5.91417 
-1.98911 -4.93343 
-0.548514 -5.81384 
-0.43925 -3.98246 
-1.06664 -5.19394 
0.119538 -4.8058 
-1.92453 -5.60052 
-2.11053 -4.78859 
-0.397768 -6.95609 
-1.50776 -6.36264 
-2.23475 -4.69323 
-1.52764 -5.36934 
-2.11089 -3.49957 
-1.46958 -5.0601 
-2.84471 -4.15507 
0.140809 -5.78655 
-1.48905 -5.52222 
-1.41387 -4.84522 
-0.691152 -4.87875 
-0.710017 -6.75224 
-1.96635 -5.25298 
-0.925991 -6.56803 
-1.80965 -5.20804 
-2.21821 -4.49748 
-2.80425 -4.33188 
-1.08064 -6.8752 
-0.0407406 -6.51094 
-0.556676 -6.19373 
0.796893 -5.61348 
0.500888 -6.69078 
-1.54439 -5.60841 
-2.96036 -3.69134 
-0.595818 -4.79446 
-1.67324 -5.40896 
-1.80526 -5.83728 
-1.5776 -6.43669 
-1.10639 -6.52204 
-2.2394 -4.02762 
0.128823 -5.17096 
-2.1954 -3.89066 
-0.252565 -5.3273 
-1.50302 -6.50217 
-0.118524 -6.95205 
-0.414594 -4.08101 
-1.00981 -6.10725 
-2.18257 -5.1514 
-1.80835 -5.96884 
-1.78186 -5.60287 
-1.52848 -6.61164 
-0.732459 -5.64444 
-0.82956 -5.14057 
-1.2081 -5.3528 
-0.866034 -5.62202 
-2.40789 -5.57574 
-2.31374 -5.61127 
-0.346491 -4.35438 
-2.05497 -4.65633 
-0.121934 -6.65096 
-1.16875 -4.95317 
-1.25588 -5.53558 
-0.463213 -5.19622 
-0.572595 -5.86906 
-1.08554 -6.59954 
-0.274346 -6.44912 
0.0395669 -5.16413 
-1.30707 -6.53494 
-1.05004 -4.41242 
-2.4436 -5.09056 
-1.93631 -5.65587 
-1.1707 -6.24679 
-1.04461 -4.79558 
-2.3392 -4.94659 
-1.3409 -5.72728 
-1.45704 -4.38755 
-0.969807 -5.03615 
-0.760287 -5.19131 
-1.31004 -4.67615 
0.58134 -6.44511 
-1.39175 -5.45402 
-2.93592 -5.7774 
0.0938894 -4.67635 
-0.268735 -5.16482 
-2.05204 -4.81527 
-1.30789 -6.11856 
-2.32031 -5.88782 
0.0505783 -5.18313 
-2.67859 -4.59201 
0.70438 -5.92387 
-0.313946 -5.20959 
-0.562893 -6.11199 
-1.45993 -4.13826 
-0.60879 -5.83517 
-0.315565 -7.04792 
-1.2033 -4.29743 
-2.01901 -5.43515 
-2.31499 -4.58159 
-1.85269 -5.33767 
-0.469156 -5.70761 
-0.344866 -6.83423 
-0.0403019 -5.85611 
-0.0935037 -4.6694 
-0.34078 -5.57412 
0.826839 -6.45428 
-3.86349 -2.86043 
-1.67272 -5.30567 
-2.06313 -5.78523 
-2.25146 -4.65338 
-2.38043 -5.18605 
-0.893524 -5.09753 
-1.2689 -6.05327 
-0.706514 -5.62991 
-1.89113 -4.32312 
-1.36287 -5.28145 
-0.214187 -5.34295 
-1.20912 -6.78388 
-1.59763 -3.45501 
-0.346764 -4.99485 
-0.24212 -5.59148 
-2.17591 -5.36251 
-2.22051 -4.88778 
-0.612172 -4.39805 
-2.62173 -4.38565 
-1.83131 -6.03017 
-0.250901 -5.47461 
-1.03333 -6.20158 
-1.8828 -5.88349 
-0.522449 -5.22679 
-0.4552 -5.40749 
-3.10841 -3.91527 
-1.14313 -4.76062 
-2.17577 -5.59015 
-1.68772 -4.90531 
-1.56751 -5.36093 
0.110591 -5.7132 
-1.25756 -6.22143 
-1.5435 -6.55992 
0.132315 -5.34837 
0.305246 -5.31518 
-1.61072 -5.81134 
-2.03592 -4.8875 
-3.59272 -3.65919 
0.549128 -6.55416 
0.589653 -6.21879 
-0.886394 -6.20913 
-0.0747098 -5.34181 
-3.30298 -4.75659 
-0.784194 -5.29678 
-0.767471 -5.26084 
-0.288999 -4.7469 
-1.82527 -5.95599 
-0.573144 -6.08016 
-2.23956 -5.81424 
-0.947122 -4.88801 
-0.386452 -4.64734 
0.0164626 -6.74268 
-2.61274 -3.61192 
0.520153 -5.91024 
-1.15119 -6.74453 
-2.13789 -5.16279 
-0.7318 -4.83029 
-2.99726 -5.05233 
-0.791529 -6.61815 
-1.55735 -6.25137 
-1.72677 -6.40187 
0.131181 -7.02276 
-1.10462 -5.55975 
-0.298072 -5.61605 
-3.15157 -5.09158 
-0.775752 -4.27406 
-0.486091 -4.82629 
-1.4638 -6.13688 
-1.72191 -6.32547 
-0.451556 -5.25621 
-0.520104 -6.4546 
-2.17376 -4.70702 
-1.56884 -6.04383 
-2.02411 -4.34971 
-2.08798 -4.39936 
-1.35499 -6.44281 
-2.54068 -5.26266 
-1.76466 -4.49278 
-1.64453 -5.83403 
-1.06983 -4.84697 
-1.41307 -6.62232 
-0.897479 -5.37664 
-1.48925 -5.93381 
0.23671 -4.92729 
-0.594972 -4.40364 
-2.07059 -5.10865 
-0.93875 -5.50747 
-1.94256 -5.39836 
-1.15761 -6.27792 
-0.562874 -6.91817 
-1.63529 -5.44689 
-1.7378 -6.05324 
-1.9341 -6.21993 
-1.93584 -5.27879 
-1.25207 -4.42328 
-1.92161 -5.16885 
-0.254318 -6.00208 
-2.09618 -5.94288 
-2.46089 -4.87778 
-2.07518 -4.65789 
-0.823372 -6.65451 
-2.28048 -5.41827 
-1.43578 -5.93983 
-0.75404 -5.00226 
-2.54005 -4.24374 
-0.956262 -4.72251 
-0.386186 -6.87257 
-2.18343 -4.69242 
-0.38085 -6.56138 
-0.404176 -5.34942 
-3.31918 -4.19687 
-1.03551 -6.72297 
-1.33755 -6.47803 
-1.43018 -5.6421 
-2.16918 -5.7948 
-1.80728 -5.73687 
-0.433458 -6.84254 
-0.0713274 -6.74509 
-2.44096 -4.58583 
-2.0399 -4.18234 
-0.955858 -5.83854 
-1.65219 -6.14924 
-0.738102 -6.55002 
-0.932404 -4.18988 
-0.921112 -4.99385 
-2.12844 -5.03434 
-1.30723 -6.58054 
-1.63658 -6.03562 
-0.235932 -6.07957 
-1.77272 -6.03346 
-3.04098 -2.88669 
0.480629 -6.4511 
-0.950625 -4.64884 
-1.44774 -6.14692 
-2.53912 -5.29263 
-0.8877 -6.70067 
-1.00538 -5.48756 
-0.812017 -4.11568 
-2.39443 -4.64796 
-1.08875 -7.05774 
0.54076 -5.24298 
-0.0262211 -5.6658 
-1.41905 -5.98382 
0.38751 -4.87826 
-2.0068 -6.15896 
-2.8944 -4.63999 
-3.10898 -3.7977 
-0.554395 -6.46677 
0.316642 -6.08063 
-0.824255 -6.13115 
-0.0702048 -5.37042 
-0.623537 -5.31576 
-2.90636 -4.39507 
-0.0554385 -6.95107 
-2.22239 -4.05005 
-1.56145 -5.35295 
-1.12189 -4.99585 
-1.47219 -5.22974 
-1.53392 -4.69252 
-0.295536 -3.81895 
-0.792795 -5.03384 
-0.906128 -4.64875 
0.0720082 -6.3222 
-1.22318 -5.17398 
-1.62401 -6.31359 
-2.28184 -4.51897 
-0.978177 -6.22118 
-1.18712 -5.25859 
-0.948115 -4.88291 
-0.553242 -6.10107 
-0.522792 -5.01363 
0.317634 -5.426 
0.374278 -5.54733 
-1.69887 -5.22998 
-1.05342 -6.11253 
-0.526789 -4.61702 
-1.32182 -4.3178 
-1.87866 -5.18726 
-0.969358 -6.47458 
0.740276 -5.51861 
-1.12528 -5.464 
-3.00797 -3.62475 
0.0706993 -5.29073 
-0.345517 -5.52028 
-0.0092779 -5.89559 
-0.361723 -5.01353 
-1.48792 -4.6153 
-1.75196 -5.93946 
-3.36736 -3.08793 
-0.0401467 -6.14416 
-1.87511 -5.28207 
-2.28 -5.62892 
-0.957904 -4.73374 
-1.69276 -6.0539 
-0.309369 -4.45531 
-2.76478 -4.79979 
0.798412 -5.46401 
-0.499669 -5.34563 
-0.114445 -4.75712 
-2.10521 -5.0338 
-0.777442 -6.52005 
0.834693 -5.57643 
-0.77855 -4.73094 
-1.78798 -5.94079 
-1.17465 -6.21923 
-0.100815 -6.09583 
-2.08876 -5.04303 
0.484836 -5.82607 
-2.1218 -4.96232 
0.483934 -5.83786 
-1.66108 -4.50626 
-1.65919 -5.23124 
-0.181112 -6.12385 
0.546953 -5.36499 
-0.334201 -5.32108 
-2.32508 -5.72672 
-2.37229 -5.33778 
-1.26119 -6.84219 
-2.66337 -4.32102 
-0.163935 -5.64367 
-2.15948 -4.46219 
-1.86064 -5.94271 
-1.80448 -5.50495 
-1.73564 -6.24225 
0.539751 -6.63652 
-1.20359 -6.59648 
-1.40347 -5.59128 
-1.24808 -6.0719 
-2.42786 -5.1092 
-4.07619 -1.78839 
-1.11516 -5.35525 
-1.98517 -6.24468 
-0.295213 -5.94423 
-2.14121 -5.71079 
0.294353 -6.66709 
-0.286174 -5.64897 
-0.661243 -4.08434 
0.0172506 -5.72719 
-0.590105 -4.06822 
-1.16321 -4.28481 
-0.54383 -5.34094 
-0.0331354 -6.64191 
-2.24057 -5.28903 
-2.09861 -5.69353 
-0.86619 -4.96434 
-1.83099 -5.61464 
-1.36222 -6.20229 
0.196003 -5.82521 
-2.19201 -6.14429 
-1.95265 -3.52013 
-1.76405 -5.63438 
0.126154 -6.78043 
-0.0918884 -4.84453 
-1.60335 -6.0817 
-2.43635 -4.77345 
-0.401447 -3.86773 
-1.57807 -4.90486 
-2.26929 -5.13695 
-1.80432 -4.05153 
-3.04701 -4.14828 
-0.275454 -5.26609 
-1.34291 -3.85013 
-1.92135 -5.93111 
-1.10668 -5.06621 
-1.1038 -3.26785 
-0.165251 -6.95562 
-0.036805 -5.41115 
-0.447303 -4.8111 
0.88818 -6.51264 
-2.34063 -5.19238 
-1.22596 -5.47826 
-0.0224551 -5.23796 
-0.690814 -4.85619 
-0.931554 -4.66703 
-0.176886 -5.60652 
-0.704044 -5.27644 
-0.769949 -4.3205 
0.122748 -4.58698 
-1.18639 -3.54826 
0.321107 -5.44767 
-0.174097 -5.15809 
0.37809 -5.45145 
-0.775769 -3.34793 
0.184737 -5.74605 
0.226539 -5.53906 
0.236345 -5.6958 
0.742288 -6.3749 
-0.0443197 -5.23626 
0.319338 -5.01538 
-1.44577 -3.69388 
-2.08153 -1.76625 
-0.026345 -4.7497 
-1.7003 -3.49746 
-1.27737 -3.47872 
-0.179327 -4.36319 
-1.49878 -3.76704 
-1.11143 -5.11216 
-0.827466 -5.14887 
-1.09915 -5.32563 
0.0297109 -4.9297 
-0.948993 -5.0846 
-0.562799 -6.53658 
0.852914 -6.50588 
-1.88846 -5.88225 
0.751426 -6.49659 
-1.37229 -5.92915 
-0.658989 -5.29586 
-0.921238 -6.4206 
-0.733443 -6.4499 
-0.0982511 -6.64694 
0.00828461 -6.63994 
-0.572698 -6.67375 
-0.360751 -6.04375 
-1.74165 -5.51923 
0.113458 -5.39723 
-0.127845 -5.26536 
0.575001 -5.11153 
0.816576 -5.58454 
-1.75763 -5.79052 
0.261618 -5.03494 
0.0983499 -5.20746 
0.174494 -4.8147 
0.0393334 -4.61764 
0.345746 -5.66475 
0.124336 -4.89839 
-0.583535 -5.46841 
-1.82699 -5.74805 
-1.16887 -6.27934 
-2.30111 -4.87831 
-2.0818 -5.48356 
-1.58547 -6.00043 
0.473313 -7.18841 
-1.26985 -6.38025 
-2.30832 -5.30044 
-0.0286624 -5.77273 
-1.21701 -6.57844 
-0.489012 -3.48834 
-1.83257 -4.66044 
-0.926162 -4.3377 
-0.909534 -5.97774 
-1.43125 -5.10179 
-0.229163 -6.83455 
-0.739033 -5.40017 
0.298972 -5.05179 
-1.11611 -5.69401 
-0.972677 -5.73124 
-0.77151 -5.6845 
-0.102302 -5.16085 
-0.326524 -5.3057 
-1.0374 -6.86204 
-0.97052 -6.30826 
0.417702 -5.87437 
0.776259 -6.44358 
-0.304262 -5.10889 
-1.02187 -6.21084 
0.604106 -5.68779 
0.768418 -6.27868 
-1.40294 -5.36319 
-1.55791 -5.84226 
-1.6322 -6.13966 
-1.19308 -6.03504 
0.166769 -4.83752 
-0.383848 -3.9906 
-0.600836 -5.55162 
-0.377145 -6.63485 
-1.3074 -5.57588 
-2.74779 -4.17822 
-1.87192 -6.32515 
-1.09743 -5.86097 
-1.79042 -6.16771 
-0.126109 -6.5752 
-0.676859 -5.31897 
-0.221416 -4.6821 
-0.80567 -5.08991 
-1.15519 -4.7511 
-2.2339 -5.25946 
-1.74795 -4.91624 
-2.05768 -4.46676 
-0.882213 -5.56464 
-0.732195 -5.46858 
-1.44724 -4.90473 
-1.33092 -4.96423 
-1.02534 -5.144 
-2.16844 -5.05742 
0.222778 -4.68067 
-0.826899 -4.17585 
-0.105975 -4.36415 
0.317289 -4.94084 
0.433585 -4.81126 
0.712524 -5.50303 
0.544559 -4.75328 
0.522493 -5.34056 
0.662896 -5.34432 
0.814505 -5.56521 
-0.0497969 -5.56563 
0.201215 -5.10975 
0.101516 -4.76567 
-0.0165982 -5.36111 
0.926588 -5.56596 
0.77 -6.51865 
-0.484369 -6.12032 
-1.64307 -5.41103 
-0.679088 -6.09307 
-0.872327 -5.75268 
0.918303 -5.92521 
0.339067 -7.20504 
0.607209 -6.16162 
0.391098 -6.18891 
0.743678 -6.10787 
0.653725 -6.78593 
-0.698264 -6.23601 
-0.461174 -6.29908 
-0.404562 -6.7536 
-1.14823 -6.53491 
-1.32838 -5.65734 
0.361863 -5.895 
-2.0069 -5.35215 
-1.68851 -5.63713 
-2.17615 -5.75965 
0.425861 -6.29927 
-1.12157 -6.39182 
-1.91057 -6.34513 
0.69418 -5.27122 
0.732157 -5.86256 
-0.452399 -6.36602 
-0.673585 -5.69303 
-0.0260566 -5.95318 
-1.37142 -5.00395 
-1.70931 -4.73005 
0.15279 -6.35976 
0.681116 -6.28733 
0.347951 -5.52104 
-0.555052 -4.47508 
-0.886681 -4.91416 
-1.69516 -3.40663 
-1.27657 -4.95625 
-0.632615 -4.87885 
-0.569102 -4.94093 
-0.304429 -5.8191 
-1.71168 -5.83545 
-0.459122 -4.57778 
-2.94405 -4.56556 
-0.360271 -6.81765 
-1.42775 -5.96431 
-1.18205 -5.34684 
-2.7312 -3.81805 
-4.59664 -2.40157 
-1.48056 -4.6602 
0.534009 -6.94943 
0.829476 -5.72068 
0.289992 -5.49606 
-0.393094 -5.21582 
0.367661 -6.23365 
0.049898 -5.40734 
0.296988 -5.51541 
0.0130643 -5.89137 
0.829142 -5.62491 
-0.336426 -5.46963 
0.724258 -5.69297 
-0.307837 -5.84811 
0.198716 -6.04781 
-0.788364 -5.71506 
-1.74388 -5.78591 
-1.96812 -5.04404 
-0.187482 -6.27591 
-0.745401 -5.59988 
-1.55754 -6.10588 
-1.95476 -5.52347 
-1.88601 -6.04835 
-1.64985 -6.17443 
-2.74066 -4.2347 
-0.73292 -6.71186 
-2.45101 -5.86841 
-2.54031 -5.35962 
-1.65339 -6.15663 
0.522334 -6.46719 
0.902676 -6.08898 
-1.47811 -6.0394 
-2.14118 -5.25686 
-0.140155 -5.71503 
-2.1363 -5.0711 
-1.59276 -6.32984 
-1.68825 -5.68437 
-1.37167 -6.03921 
-1.77038 -5.40827 
-1.54964 -5.77747 
-2.34915 -4.08814 
-0.52702 -6.1921 
-1.23512 -5.15301 
0.19769 -6.88367 
-2.79575 -3.90386 
-1.05595 -5.66267 
-1.07482 -5.76612 
-1.6545 -5.44706 
-2.03277 -5.04453 
-1.51621 -5.13839 
-2.00353 -4.81621 
-2.84789 -3.9812 
-1.00677 -5.10061 
-0.562076 -4.33182 
-1.5682 -3.5941 
-0.0886247 -4.32743 
-0.139944 -6.23581 
-3.90957 -2.4404 
0.470191 -6.1738 
0.197911 -6.61504 
-0.964191 -5.19908 
-0.531754 -5.68929 
-0.17516 -5.43417 
-1.29901 -5.04615 
-2.04598 -5.58978 
-1.11944 -6.37472 
0.340494 -6.4257 
-0.64029 -5.03048 
-0.516787 -5.57801 
-1.39201 -4.32046 
-1.25308 -6.04753 
-2.06819 -4.97726 
-1.74431 -5.24451 
-1.77717 -5.18773 
-1.34762 -5.30454 
-1.93043 -4.94613 
-0.654927 -5.59771 
-1.57985 -3.27675 
-2.30636 -4.75126 
-0.786272 -5.37337 
-1.0861 -5.12675 
-1.14575 -3.96204 
-1.04952 -5.11054 
-1.07205 -5.36516 
-2.33954 -4.29688 
-1.58695 -4.76477 
-1.47958 -5.64636 
-0.712243 -5.41197 
-1.12797 -5.22966 
-1.6436 -5.16117 
-0.581692 -5.45336 
-1.17027 -5.44211 
-2.55692 -4.36061 
-0.421886 -5.58744 
0.334971 -6.24847 
-1.97259 -4.92152 
-0.166214 -6.19464 
-1.20628 -6.64409 
-0.809228 -5.66826 
-1.15835 -6.43394 
-1.06245 -6.54852 
-0.479743 -6.32565 
-2.66734 -4.70882 
-0.994316 -6.45925 
-0.705569 -5.67834 
-0.56192 -6.22922 
-1.5003 -6.05832 
-1.33457 -6.86734 
-1.21729 -6.52117 
-0.606238 -5.76749 
-1.08394 -5.85563 
0.759693 -5.54527 
-0.342599 -5.01426 
0.59978 -5.37935 
0.32183 -5.15398 
-0.29689 -4.71513 
-0.117875 -4.86069 
0.144288 -4.97122 
-0.638919 -4.58105 
-0.0962707 -4.9044 
0.424563 -5.03025 
-0.387306 -4.43602 
-0.0753386 -5.23166 
0.620446 -5.45733 
0.120024 -5.50697 
0.192563 -4.86688 
0.232109 -5.67258 
-0.364658 -5.52737 
-0.043891 -4.93636 
0.179055 -4.87783 
-0.391054 -4.17861 
-0.399231 -4.85313 
-0.249074 -5.18583 
0.653835 -5.81515 
-0.115986 -4.91707 
0.881563 -5.68397 
0.799775 -5.87658 
0.0278664 -5.21937 
0.263544 -5.71465 
0.17192 -5.68986 
-0.415929 -4.87931 
0.310554 -5.23629 
-0.0132595 -4.95396 
-0.445527 -4.70554 
-0.690095 -5.05818 
0.786638 -5.33295 
0.468749 -5.84633 
-0.0780671 -5.0488 
-1.1215 -5.43871 
-0.733509 -5.68712 
0.264903 -5.29325 
0.373637 -4.83608 
0.353582 -5.18853 
0.57407 -5.41195 
0.731917 -6.14292 
0.617078 -6.26743 
0.935347 -5.90545 
-0.537764 -4.55529 
0.215855 -5.44937 
0.399432 -5.11711 
-0.88582 -4.84528 
0.360037 -5.1033 
-0.562931 -4.83557 
-0.808633 -4.66521 
0.703285 -5.4695 
-1.39399 -4.15552 
-1.52782 -3.80987 
0.276734 -4.47769 
-1.44198 -3.27843 
-1.3827 -4.38061 
-2.01235 -3.36722 
-1.40458 -3.84359 
0.407566 -5.08557 
-2.77264 -3.82729 
-0.0173325 -5.17375 
0.433974 -4.90092 
-1.09486 -4.30121 
0.173054 -5.76342 
-0.893075 -4.0019 
-0.825619 -4.63702 
-1.0986 -3.99557 
-2.16916 -2.92699 
-1.07095 -4.75362 
-1.10848 -4.53257 
-0.478549 -5.1519 
-0.826804 -4.60464 
-1.02699 -5.75215 
-0.209658 -5.12416 
-0.240478 -5.31247 
-0.113071 -5.69222 
0.0699082 -5.16486 
0.159237 -5.64758 
-0.338888 -5.97076 
-0.429054 -4.52591 
0.641523 -5.47403 
0.0150788 -5.20714 
0.0735649 -5.01015 
-1.11566 -5.35978 
-1.89923 -5.4737 
-0.0149574 -5.27181 
-1.32755 -6.26612 
-0.383059 -6.38594 
-0.155571 -6.0179 
-1.08749 -6.16459 
-0.972005 -6.11543 
0.417738 -5.49624 
-0.653293 -6.39031 
-0.553253 -6.14209 
-1.61449 -5.9917 
-0.0657985 -4.69682 
0.936525 -6.19998 
-0.17474 -5.59732 
0.377973 -4.96443 
0.656041 -6.87737 
-0.0357714 -6.45308 
-1.09978 -5.48007 
-0.555747 -5.60116 
-1.96314 -4.82953 
-0.285378 -6.45042 
0.0136179 -6.00664 
0.136445 -5.91125 
-0.145512 -6.05889 
-0.575305 -5.91807 
0.315574 -6.7866 
0.269957 -5.89767 
0.107246 -5.83209 
-1.1726 -6.00742 
-2.02517 -5.61949 
-0.636558 -5.78201 
0.430071 -6.64906 
-0.870649 -5.8642 
0.615333 -6.60308 
0.0627088 -6.57722 
-1.021 -6.09085 
-0.678388 -5.78014 
-1.29133 -5.42438 
-0.383055 -5.70019 
-0.226514 -5.32552 
-1.01058 -5.56405 
0.420397 -5.59417 
-0.82621 -4.30019 
0.427125 -5.50372 
0.561149 -5.41746 
-0.464338 -4.64664 
-1.10759 -4.93266 
-2.6749 -3.0796 
-0.541463 -4.81121 
-1.08448 -4.31883 
0.164747 -4.79114 
0.421237 -5.44763 
0.413706 -5.25429 
0.691059 -5.70423 
0.0121456 -5.14554 
0.512133 -5.61493 
0.390796 -5.10533 
0.327315 -5.68689 
-1.23886 -4.34851 
-1.30675 -5.66614 
0.539523 -5.50511 
0.319921 -4.99493 
0.0345941 -5.9499 
0.0134174 -4.91647 
-0.366956 -5.14891 
0.677165 -5.13902 
-0.416997 -5.49165 
-0.012942 -5.39633 
0.177572 -5.73309 
0.527307 -5.26845 
0.592918 -5.06925 
-0.470687 -5.45754 
-0.513941 -4.67972 
-0.431805 -4.79755 
-1.17548 -3.70138 
-0.85303 -4.69587 
0.00378307 -4.67483 
0.062675 -4.56513 
-0.387856 -5.00398 
0.223619 -5.39105 
-0.572189 -4.79137 
-0.131093 -4.89841 
-0.196753 -5.11633 
0.659259 -5.78432 
-0.757057 -4.83313 
-0.215761 -4.96539 
-0.347485 -4.53251 
-1.34926 -5.29308 
-0.455345 -6.54673 
-1.56401 -4.59609 
-1.67681 -6.12049 
-0.278838 -5.93419 
-0.380007 -5.03396 
-0.873273 -5.75401 
0.416466 -6.19806 
-0.326353 -5.89095 
-0.627945 -4.23551 
0.787629 -5.68856 
-0.998124 -4.64794 
0.434209 -6.9949 
-0.79594 -5.763 
0.962039 -5.64359 
-1.55207 -4.971 
-2.3262 -4.82422 
-0.0754459 -6.09666 
0.090067 -5.50478 
0.0605689 -4.55237 
-1.45757 -3.65152 
-1.83744 -5.0484 
-1.12949 -5.15442 
-4.18499 -0.282212 
-0.550708 -5.4429 
-0.683652 -5.10033 
-0.321711 -5.16768 
-2.35132 -3.86108 
-2.64462 -4.01521 
-2.28219 -4.2302 
-1.4037 -4.59245 
-0.331676 -5.59549 
-0.0415923 -6.05132 
-0.587797 -4.3782 
-1.58948 -4.71162 
-1.03177 -4.52459 
-0.659989 -5.62224 
-1.22068 -4.70532 
-2.13946 -3.8398 
-1.27447 -4.89696 
-1.47717 -3.95702 
-0.184021 -5.04868 
-1.69936 -4.50853 
-1.23004 -4.47381 
-2.37488 -3.96227 
-1.13135 -4.44285 
-1.45162 -4.63452 
-4.12655 -2.20519 
-1.68821 -4.42187 
-0.129934 -5.03454 
-1.35367 -4.15921 
-0.457607 -5.08669 
-1.40637 -5.40145 
-0.536341 -4.8937 
-0.571745 -3.96762 
-1.35917 -4.49988 
0.0868437 -5.58618 
-0.765659 -3.34619 
-1.19371 -4.49778 
0.539585 -5.71158 
-0.475198 -3.43617 
