-3.75286 -1.93823 
-4.04156 -0.807828 
-3.81486 -1.964 
-4.63175 -0.619575 
-2.98239 -2.76889 
-4.73971 -2.39567 
-3.65154 -1.77847 
-4.16028 -1.42981 
-3.20109 -2.63108 
-2.86208 -3.42176 
-3.56798 -1.48256 
-4.49346 -0.128687 
-4.56422 -3.12365 
-3.49976 -3.35964 
-3.54729 -2.97239 
-4.73998 -1.68807 
-2.37901 -2.83292 
-4.41215 -1.10883 
-5.16404 0.740453 
-4.6514 -1.46743 
-3.85861 -1.81767 
-4.69063 -0.68939 
-3.44602 -2.01303 
-3.6357 -1.58191 
-4.05728 -1.69767 
-4.29036 -2.00758 
-2.71781 -4.04222 
-4.74807 -0.613827 
-4.2314 -2.10067 
-4.72857 -1.92482 
-2.41267 -3.47933 
-4.92377 -1.90116 
-3.80113 -3.26145 
-4.19864 -2.73666 
-3.24547 -2.42404 
-3.39579 -2.61418 
-3.48355 -3.00426 
-2.72473 -2.52315 
-3.29753 -2.47314 
-1.72571 -4.03894 
-3.06159 -2.11288 
-3.14764 -2.9656 
-3.67532 -3.10351 
-3.59166 -1.26465 
-3.38329 -3.32118 
-3.38669 -2.31075 
-4.1737 -2.62914 
-3.69802 -1.4447 
-5.003 -0.928424 
-3.72432 -2.47607 
-2.95523 -2.86028 
-4.08398 -1.55656 
-4.79089 -0.596324 
-4.13456 -1.20866 
-3.94626 -2.42775 
-3.48452 -2.78385 
-4.06544 -1.96613 
-3.54809 -1.59964 
-4.52692 -0.839984 
-3.64777 -2.83163 
-3.17087 -3.4182 
-3.61416 -2.52595 
-4.97649 0.544459 
-4.49907 -0.605271 
-3.97707 -1.74284 
-2.81881 -2.76118 
-3.32933 -2.71242 
-4.60308 -0.481309 
-3.22682 -3.0567 
-4.43225 -0.829595 
-4.5765 -0.902022 
-4.4459 -1.68389 
-4.43784 -0.342576 
-4.04492 -2.02907 
-4.35527 -0.518049 
-3.62496 -1.88713 
-4.32354 -1.72891 
-2.25577 -4.16425 
-3.50755 -2.36244 
-2.60256 -3.67268 
-4.65279 -0.252619 
-2.97746 -2.69365 
-3.62262 -2.42962 
-3.334 -2.91487 
-4.14051 -1.81592 
-4.24793 -2.36278 
-3.76907 -1.99849 
-4.34956 -0.878464 
-3.79155 -3.14833 
-4.04891 -1.69778 
-4.03518 -1.67625 
-4.30047 -2.20658 
-3.40347 -1.86978 
-3.46248 -2.51132 
-2.68845 -2.88121 
-2.52394 -3.5422 
-2.65695 -3.04075 
-3.4071 -2.62651 
-3.90197 -2.53558 
-3.97416 -2.49015 
-2.20899 -3.32425 
-4.29633 -0.130365 
-2.62284 -2.35237 
-3.77711 -2.30242 
-4.00874 -1.76519 
-4.65101 -0.702006 
-3.57601 -1.36418 
-4.60563 -1.42629 
-2.73437 -2.87366 
-3.39415 -1.98022 
-4.80239 -0.584363 
-4.7502 -0.560524 
-4.24666 -1.34818 
-2.63619 -3.23349 
-4.50459 0.165336 
-4.81317 -0.00555367 
-3.98341 -1.44328 
-4.38046 -1.77775 
-3.26007 -2.46417 
-3.29733 -2.38436 
-4.80108 0.0541681 
-2.62458 -3.51203 
-3.01615 -2.23431 
-2.78397 -3.68087 
-3.21909 -3.41852 
-3.65226 -2.46675 
-4.76378 -0.853548 
-4.59863 -1.20687 
-3.78185 -0.669237 
-4.45701 -0.445124 
-3.58503 -1.30004 
-4.66089 -1.27413 
-3.58778 -2.18624 
-3.53603 -2.71683 
-3.83382 -1.96524 
-3.00423 -2.65266 
-4.09067 -1.47908 
-4.19639 -1.08372 
-3.62806 -2.54037 
-3.90494 -1.99306 
-4.18638 -0.831685 
-3.17537 -2.96945 
-3.75165 -2.84719 
-4.80258 -0.182009 
-3.88478 -1.4443 
-4.26029 -1.6883 
-2.26725 -4.68191 
-3.97947 -1.57893 
-4.45566 -1.54066 
-3.37185 -2.53688 
-3.35088 -2.22224 
-2.27329 -3.31423 
-3.33675 -2.87209 
-4.99617 -0.531379 
-4.41766 -2.06885 
-4.10818 -2.12336 
-3.55554 -2.38386 
-3.56499 -2.68941 
-4.38838 -0.886182 
-4.63389 -0.789016 
-3.81583 -2.1966 
-4.46325 -1.45236 
-3.11391 -2.50719 
-3.16638 -2.76745 
-3.92918 -2.25444 
-4.50268 -0.360934 
-3.94647 -1.57009 
-4.26151 -1.95915 
-3.13399 -1.61596 
-4.15583 -1.53782 
-3.55028 -2.90306 
-4.10683 -1.53664 
-4.63868 -0.797414 
-2.88742 -4.00115 
-3.91126 -2.75524 
-3.97854 -2.54007 
-3.88057 -0.0413497 
-3.57932 -2.28905 
-3.45361 -3.30773 
-4.06092 -1.45082 
-4.02055 -1.80104 
-4.35643 -1.46389 
-4.6153 -0.142405 
-3.65899 -2.2707 
-3.95113 -2.60159 
-3.77649 -2.11434 
-4.1151 -2.05673 
-2.67518 -3.94517 
-3.18292 -2.68639 
-3.57908 -2.29108 
-3.96188 -2.07854 
-3.15922 -3.05012 
-4.16076 -0.306272 
-4.15868 -1.27007 
-3.14562 -3.13397 
-4.06684 -2.35168 
-4.83377 -3.098 
-3.52891 -2.15703 
-4.49258 -1.57858 
-4.16866 -1.61445 
-2.92655 -2.94449 
-3.96091 -1.98141 
-4.06906 -0.639501 
-2.73111 -1.89899 
-3.58203 -2.05589 
-3.92107 -2.54838 
-3.94742 -1.20474 
-3.80945 -1.45662 
-4.67682 -0.101818 
-3.60737 -2.60918 
-4.31148 -1.33158 
-2.97037 -2.76811 
-4.48826 -1.17769 
-3.17859 -2.00556 
-3.00184 -2.88207 
-3.58884 -2.18673 
-3.95588 -2.32663 
-3.98622 -1.86678 
-3.42034 -1.04802 
-4.01566 -2.09601 
-4.51803 -1.30662 
-2.03954 -3.72588 
-5.00361 -1.30625 
-4.02785 -2.16333 
-3.35855 -2.97638 
-3.20921 -3.28797 
-3.3226 -1.90045 
-3.69075 -2.25541 
-2.76257 -2.99094 
-3.99196 -2.72451 
-3.54269 -2.5782 
-3.97913 -1.93485 
-3.67784 -2.90097 
-4.15047 -1.5067 
-3.75533 -1.9591 
-3.84203 -2.64344 
-3.6646 -2.05016 
-3.70875 -2.11619 
-4.24865 -0.409098 
-2.13076 -3.10537 
-4.05072 -1.63698 
-4.40857 -1.44929 
-4.79866 0.288281 
-2.44136 -2.79241 
-4.01895 -1.23147 
-3.70021 -2.23013 
-3.74618 -3.23701 
-2.94926 -2.56621 
-4.72491 -1.6781 
-4.10052 -1.94513 
-3.60355 -3.05299 
-4.81368 -1.1233 
-3.89588 -1.70757 
-4.93434 -0.126476 
-4.00801 -3.34288 
-3.85264 -1.92093 
-3.84477 -2.35913 
-3.47077 -2.03021 
-4.52453 -0.561957 
-2.5269 -3.04808 
-4.09466 -1.46139 
-3.79323 -1.66571 
-3.50592 -2.50404 
-3.7531 -2.90946 
-4.67094 -0.237695 
-4.12132 -1.56213 
-4.22627 -2.19536 
-3.69321 -2.2631 
-3.23919 -2.9379 
-3.05831 -1.91576 
-3.98785 -1.47303 
-4.26804 -1.07583 
-3.60067 -2.39063 
-4.19487 -2.26632 
-4.011 -1.98832 
-3.15576 -2.5615 
-4.59811 -0.338967 
-3.5517 -1.62517 
-5.04555 -0.459904 
-3.69234 -1.8083 
-4.36041 -0.745211 
-4.26347 -1.92312 
-3.5905 -2.3207 
-4.79831 -1.53224 
-3.75703 -1.74932 
-4.14964 -2.70884 
-4.10046 -2.54723 
-4.66392 -1.51149 
-3.3376 -1.49728 
-4.61268 -0.572874 
-3.5314 -1.61277 
-3.77612 -2.40184 
-4.0005 -3.58063 
-4.10138 -2.30436 
-4.62717 -0.690142 
-3.65623 -2.14158 
-4.04524 -1.30279 
-3.74157 -1.44686 
-2.64645 -3.82827 
-4.07585 -1.30427 
-3.0895 -3.41559 
-2.54312 -3.15627 
-4.30134 -0.0883788 
-3.72868 -3.21866 
-4.01946 -1.88939 
-4.13219 -2.62667 
-4.1399 -0.907034 
-4.69707 -0.129949 
-2.01119 -3.68324 
-3.65981 -1.16119 
-2.42051 -2.41408 
-4.13652 -1.15631 
-4.51668 -0.454907 
-4.75252 0.25827 
-3.89056 -1.54952 
-4.25807 -0.460077 
-4.61279 -1.04538 
-3.44807 -2.62127 
-3.67605 -2.6159 
-4.33046 -0.37187 
-4.28761 -1.18172 
-4.72817 -1.08731 
-4.39178 -1.4 
-4.28496 -1.65761 
-3.35439 -2.58803 
-3.9126 -2.7192 
-4.59249 -1.83427 
-4.3843 -0.376033 
-3.70895 -1.21807 
-2.95074 -3.59786 
-2.95947 -3.21644 
-3.33887 -3.10754 
-3.95268 -1.85181 
-2.66311 -3.85496 
-4.41991 -0.439179 
-3.73594 -1.67499 
-4.88993 0.18158 
-4.49841 -0.349575 
-4.49121 -2.75997 
-3.70357 -2.27173 
-3.4343 -2.31009 
-3.84444 -1.85333 
-3.72721 -1.39894 
-4.45317 -0.0865055 
-4.62819 0.0989045 
-2.12305 -3.90226 
-3.80959 -2.54333 
-4.03452 -1.36149 
-3.73923 -2.85686 
-4.26126 -1.23443 
-4.70732 -0.63573 
-3.87944 -1.45477 
-3.83971 -1.37911 
-2.37722 -2.96724 
-3.97953 -1.40503 
-3.49681 -2.45964 
-3.98112 -0.858668 
-3.82953 -2.05924 
-2.43102 -3.35007 
-3.93553 -1.51635 
-4.56818 -2.417 
-4.72186 -0.385209 
-3.71275 -2.40169 
-3.38217 -2.83102 
-4.04171 -1.69157 
-3.87092 -2.22868 
-3.45688 -2.94735 
-3.583 -2.69278 
-3.50526 -2.71129 
-3.98057 -0.836999 
-4.14554 -3.0166 
-3.40997 -2.12401 
-3.25815 -3.47545 
-2.12944 -3.08554 
-3.5629 -2.10836 
-3.69892 -2.56189 
-3.99913 -1.33023 
-3.63195 -3.51794 
-4.91128 0.0869275 
-4.86348 -0.772596 
-3.86397 -2.36527 
-4.29806 -0.311279 
-3.32777 -2.9234 
-4.71871 -1.12182 
-2.94326 -3.172 
-4.17782 -1.46609 
-3.88234 -1.76186 
-3.35966 -2.2366 
-4.33033 0.534073 
-3.40969 -2.65651 
-4.58103 -0.94933 
-3.55921 -2.64929 
-4.44389 -0.863768 
-4.22011 -0.893786 
-4.82916 -1.69633 
-4.78154 -0.851797 
-4.17403 -1.2192 
-2.97306 -2.95676 
-3.87286 -1.95705 
-3.49361 -3.03314 
-3.43617 -2.65359 
-3.64541 -1.76662 
-3.77751 -1.86135 
-3.45183 -2.65748 
-3.23515 -2.49769 
-2.68865 -3.58636 
-4.47549 -0.708326 
-3.02893 -2.34818 
-2.89174 -0.998157 
-3.62543 -2.41109 
-4.06491 -1.05489 
-4.35916 -1.79964 
-2.34868 -4.11929 
-4.53505 -1.70666 
-4.1721 -1.22008 
-3.01634 -2.57644 
-4.94265 -0.511431 
-4.12241 -2.41232 
-3.5116 -3.00755 
-3.1719 -2.90936 
-3.6665 -1.9912 
-2.68341 -2.9935 
-2.79378 -3.03631 
-2.75415 -3.91565 
-3.10151 -1.90438 
-3.2106 -1.55942 
-4.06137 -1.75116 
-2.86608 -4.08074 
-4.13966 -1.57538 
-3.82372 -1.70842 
-3.43431 -3.04759 
-4.03094 -2.20842 
-4.40402 -0.643663 
-3.59576 -2.22327 
-2.42107 -3.3593 
-2.70487 -3.54387 
-4.90258 0.0767525 
-4.31102 -1.73712 
-4.25852 -1.66348 
-2.97506 -3.92219 
-3.06039 -2.98611 
-3.04461 -2.94699 
-3.91457 -1.57445 
-4.95147 0.439912 
-4.50324 -2.8967 
-4.94635 -0.901106 
-4.53883 -0.441876 
-4.24531 -0.805114 
-3.79089 -1.68225 
-2.6328 -3.81578 
-4.95921 0.136619 
-4.35441 -1.26625 
-2.62497 -2.91247 
-3.45753 -3.05076 
-3.87385 -1.34778 
-3.66251 -2.51196 
-3.87556 -0.948188 
-1.93559 -4.03817 
-4.11515 -0.973141 
-4.40356 -2.22853 
-4.32446 -1.6072 
-4.12104 -0.984753 
-4.32416 -0.178542 
-3.07832 -3.03626 
-4.3171 -1.84425 
-2.88648 -3.19155 
-2.45097 -3.56561 
-4.28906 -0.617259 
-4.41946 -2.41964 
-4.4524 -1.00145 
-2.69859 -2.64082 
-3.01225 -3.20705 
-3.72445 -2.60961 
-4.65471 0.0437506 
-4.10747 -1.22358 
-4.77183 -0.245613 
-4.2121 -2.18601 
-4.22586 -1.38744 
-4.33612 -0.769643 
-3.14286 -1.83357 
-5.16114 -0.165996 
-4.38002 -1.59596 
-2.628 -3.35085 
-3.88961 -2.22536 
-2.42266 -3.50043 
-4.16065 -1.08009 
-4.66104 -0.00973685 
-1.64338 -3.5799 
-4.64845 -0.538235 
-4.40567 0.130664 
-3.32001 -1.0715 
-3.01648 -2.85605 
-4.26556 -1.10519 
-2.98218 -2.86029 
-5.38819 0.34554 
-3.25233 -2.53082 
-3.49923 -2.76909 
-4.02677 -1.59889 
-5.17461 0.42258 
-3.46964 -2.40428 
-3.50967 -2.32985 
-4.02626 -3.02484 
-3.44145 -2.12517 
-3.76352 -2.10734 
-2.68988 -3.02746 
-1.9781 -3.41166 
-4.28405 -0.088539 
-3.5322 -3.17892 
-3.94456 -0.385631 
-3.35462 -2.80056 
-3.17133 -3.02691 
-2.79841 -3.63572 
-3.6533 -1.11651 
-3.14792 -3.40766 
-2.934 -3.0348 
-3.487 -3.40355 
-3.85814 -0.864945 
-3.50535 -2.00848 
-3.75131 -2.41606 
-4.09527 -2.04378 
-4.34842 -0.580011 
-3.57262 -2.38222 
-3.89166 -2.75784 
-4.69922 -2.31792 
-5.11122 -0.542241 
-4.48148 -1.76169 
-2.53148 -3.74737 
-2.80356 -2.95008 
-2.28569 -3.34947 
-2.34266 -4.03359 
-2.34922 -3.85157 
-2.50666 -3.31965 
-3.57406 -2.48648 
-2.9538 -3.25388 
-3.56508 -2.63118 
-3.49611 -2.44644 
-3.07141 -2.75165 
-3.82642 -2.5623 
-2.48595 -3.98132 
-1.46071 -3.90654 
-2.41958 -3.96058 
-4.04614 -0.832803 
-2.16196 -3.37571 
-2.87578 -1.93852 
-2.17637 -3.11207 
-2.69505 -2.89446 
-2.5388 -2.61693 
-1.95386 -3.08553 
-3.47832 -2.59553 
-2.76649 -3.61073 
-2.69568 -3.24838 
-3.22095 -2.26197 
-2.44328 -3.40782 
-2.58192 -2.62445 
-2.44941 -2.54331 
-3.14965 -1.77877 
-3.37854 -2.48115 
-3.56043 -2.50851 
-2.70843 -3.86602 
-2.11655 -4.64033 
-3.14072 -2.82072 
-2.19955 -4.15861 
-2.696 -2.51492 
-3.33435 -2.97986 
-2.45214 -3.82964 
-3.36594 -2.5757 
-4.41598 -1.12806 
-2.94471 -2.80546 
-3.018 -2.40922 
-4.00029 -2.44395 
-4.55071 -0.946126 
-3.50423 -2.78395 
-3.7886 -2.93477 
-3.32242 -4.31945 
-3.56696 -3.1539 
-3.72331 -2.23171 
-5.02421 -1.88082 
-4.09069 -1.57971 
-3.30404 -1.85159 
-3.54309 -1.881 
-3.27912 -2.25864 
-5.06937 -1.49906 
-3.49154 -2.72023 
-2.57479 -3.41141 
-3.17745 -2.54168 
-3.68679 -2.17187 
-1.83711 -4.57862 
-4.41591 -1.66155 
-4.43434 -0.74576 
-2.12768 -3.42826 
-4.01785 -2.29534 
-3.11223 -2.43671 
-3.72893 -1.64659 
-2.8483 -2.57771 
-3.17545 -2.28619 
-3.34313 -2.6179 
-2.99578 -3.5974 
-3.51836 -2.10607 
-2.97674 -3.60244 
-3.11094 -2.63948 
-3.23771 -3.2625 
-3.82748 -2.62083 
-3.11064 -2.71354 
-3.75853 -3.12387 
-2.5207 -2.09893 
-1.95138 -3.2981 
-2.22443 -2.33921 
-2.62376 -1.97914 
-2.28453 -2.89452 
-2.56382 -2.41234 
-2.68022 -1.91665 
-2.25098 -2.26151 
-2.60753 -2.51414 
-2.58004 -2.35066 
-2.20781 -2.92335 
-2.70456 -1.61667 
-3.15557 -2.11149 
-2.29206 -3.74007 
-2.69562 -3.58865 
-3.41837 -1.76986 
-2.58697 -3.78805 
-3.50281 -3.29736 
-2.14413 -4.0396 
-2.74865 -3.38991 
-2.66155 -3.29164 
-1.97361 -4.39204 
-2.75573 -4.25389 
-3.0989 -3.39709 
-3.6487 -2.45424 
-4.06023 -1.15781 
-3.0965 -2.66639 
-3.19302 -3.29916 
-3.772 -2.23533 
-4.00926 -2.34139 
-3.83653 -2.02803 
-4.3107 -1.16595 
-4.20539 -1.6601 
-3.59444 -2.71714 
-2.80584 -3.32809 
-3.61496 -2.60884 
-4.44021 -1.96339 
-2.84915 -2.68056 
-3.10871 -2.82312 
-2.70003 -3.75859 
-3.20163 -2.26198 
-2.79565 -3.42971 
-2.40679 -3.57182 
-1.95605 -4.64367 
-1.9823 -3.86654 
-2.33753 -3.8801 
-3.95423 -2.30389 
-1.21158 -4.58669 
-2.04979 -4.32426 
-4.41655 -0.173095 
-4.05287 -1.80771 
-4.54585 -0.810842 
-4.68156 -0.766967 
-4.79728 -0.155444 
-5.00675 -0.446008 
-4.69188 -0.0455961 
-4.38098 -1.23753 
-4.61088 -0.570177 
-3.36033 -2.37778 
-2.18692 -3.96859 
-2.14851 -3.28347 
-2.2626 -3.26567 
-3.18601 -3.05593 
-3.07944 -2.75698 
-2.83265 -3.70147 
-2.59723 -3.57364 
-2.72036 -3.51547 
-3.06362 -3.21633 
-2.61211 -3.01883 
-2.53797 -3.52014 
-2.53649 -2.4286 
-3.05001 -2.99577 
-2.24211 -2.79976 
-2.68667 -3.22799 
-2.5398 -3.56625 
-3.70248 -3.20319 
-2.26265 -3.1686 
-3.15023 -3.39817 
-3.77854 -2.14185 
-3.56268 -2.41788 
-3.21491 -3.04002 
-3.80141 -1.93774 
-4.10398 -1.70769 
-3.70391 -2.32541 
-4.00728 -1.828 
-4.08079 -2.5794 
-4.14085 -1.58271 
-4.54414 -1.01878 
-3.97522 -2.18037 
-4.14517 -1.85536 
-4.29972 -2.28689 
-4.16835 -1.66009 
-3.5722 -3.30399 
-3.43156 -2.88105 
-3.1994 -3.15037 
-2.48542 -3.53839 
-3.44759 -1.98427 
-2.72002 -3.23772 
-3.68614 -3.15649 
-4.18803 -1.3863 
-3.69039 -1.94123 
-2.21927 -4.09723 
-1.92929 -4.16824 
-4.02957 -0.701239 
-4.36628 -0.607973 
-2.6505 -2.1834 
-3.68058 -1.90524 
-4.2927 -1.12836 
-4.30278 -1.99551 
-3.11511 -2.87162 
-3.06678 -1.93358 
-4.21563 -0.431222 
-4.14893 -0.834915 
-4.346 -0.67864 
-4.83134 -0.86127 
-4.49746 -1.77289 
-2.67924 -4.15343 
-2.59765 -4.32836 
-1.8482 -3.87863 
-2.67519 -2.56942 
-2.17392 -3.99814 
-2.76698 -2.73339 
-2.88077 -3.81815 
-3.02164 -2.67852 
-3.46585 -1.70861 
-2.17776 -3.16646 
-2.11882 -3.42593 
-2.22069 -3.39851 
-3.6936 -1.8661 
-4.05114 -2.07333 
-3.90631 -1.74398 
-4.02006 -3.03566 
-3.36835 -2.61099 
-2.59046 -4.02693 
-2.62889 -3.34187 
-2.70658 -3.17729 
-3.96687 -1.96938 
-3.52318 -3.20603 
-3.11751 -2.61606 
-2.91006 -2.14962 
-4.00672 -1.71443 
-2.37217 -3.80888 
-2.81941 -4.04307 
-3.09335 -3.46535 
-3.1138 -1.96568 
-4.17432 -0.750524 
-3.85412 -2.24006 
-3.60755 -2.89589 
-3.53609 -2.977 
-3.66509 -1.69942 
-3.61408 -1.64642 
-3.94118 -1.96384 
-2.29068 -3.46955 
-2.80792 -2.31737 
-2.30695 -3.13063 
-2.49598 -3.67493 
-2.61342 -2.72845 
-3.37723 -2.1565 
-2.3408 -3.32673 
-2.63475 -3.04423 
-3.0167 -2.23992 
-3.69603 -1.60134 
-3.72076 -1.63662 
-4.2328 -0.988809 
-3.1125 -2.62381 
-3.11499 -2.81028 
-3.74093 -1.91052 
-4.02669 -1.61542 
-4.62241 -0.170132 
-4.42193 -1.20007 
-4.42287 -0.396067 
-3.95178 -1.67899 
-4.03102 -1.61268 
-1.99151 -3.46046 
-2.90052 -2.89553 
-3.35957 -3.57171 
-2.69987 -3.44058 
-3.34367 -3.18719 
-2.28083 -3.62335 
-2.37516 -3.02726 
-3.22924 -3.39984 
-2.72158 -4.3096 
-3.01567 -4.03062 
-2.91252 -4.01302 
-2.07944 -2.9512 
-4.00182 -2.24691 
-2.4126 -3.16596 
-2.77318 -2.77957 
-2.21752 -2.88944 
-2.0629 -2.94986 
-2.52605 -2.57983 
-3.81924 -1.62337 
-3.9896 -2.63828 
-2.8477 -3.19291 
-2.97061 -3.67399 
-2.80536 -2.65553 
-2.72136 -2.88237 
-2.00121 -3.92493 
-3.43001 -2.48573 
-2.79265 -3.33813 
-3.22536 -2.8672 
-2.44361 -3.38611 
-2.70384 -3.09231 
-2.30742 -3.73345 
-3.75975 -1.51249 
-3.37408 -2.55456 
-3.99473 -1.83754 
-2.8984 -2.57372 
-2.2168 -2.84977 
-3.33919 -2.63767 
-2.9716 -3.1597 
-1.91247 -3.7699 
-2.80431 -3.44617 
-1.91484 -3.87981 
-2.73209 -4.29392 
-3.03641 -2.93964 
-1.82906 -3.85005 
-2.16159 -3.45808 
-2.93629 -3.43917 
-2.46516 -3.90229 
-3.2776 -2.13076 
-2.51815 -4.80801 
-1.6461 -4.01001 
-1.71537 -2.73844 
-2.42765 -3.42465 
-2.39211 -2.84722 
-2.79144 -2.16207 
-2.24646 -2.72203 
-1.9061 -3.77052 
-2.25809 -3.74482 
-2.5114 -2.4698 
-2.51312 -3.06788 
-3.10162 -3.11981 
-2.69437 -2.70158 
-3.19365 -2.79384 
-2.10493 -3.97361 
-1.32883 -3.87777 
-2.55341 -3.24609 
-2.12759 -3.77195 
-3.11317 -3.52183 
-1.96602 -4.17563 
-1.91661 -3.92368 
-2.78507 -3.31805 
-3.29439 -2.17668 
-3.37538 -2.01312 
-1.79185 -4.47873 
-3.0959 -2.1663 
-4.34768 -2.03632 
-4.48744 -1.99847 
-3.70731 -2.51595 
-3.87593 -3.01399 
-3.62368 -2.08952 
-3.7748 -2.45087 
-4.00189 -1.48946 
-1.88924 -4.32055 
-3.19337 -2.82391 
-4.11075 -2.71821 
-2.71065 -3.5648 
-2.34299 -2.89194 
-3.08091 -3.76073 
-3.50368 -2.03241 
-3.39471 -3.99477 
-3.41018 -3.67864 
-2.78261 -3.91099 
-2.80669 -3.85124 
-2.69516 -4.38471 
-2.75984 -4.0596 
-2.77876 -3.94029 
-3.54358 -2.47199 
-3.10447 -2.75548 
-3.26456 -2.88233 
-3.52605 -2.95761 
-3.07584 -3.55892 
-3.61854 -2.3651 
-3.56173 -2.46565 
-2.99515 -3.56507 
-3.65183 -2.70575 
-3.59868 -2.66265 
-3.56782 -2.53127 
-3.70447 -2.15611 
-3.40615 -2.46829 
-3.22667 -2.33146 
-3.40458 -2.58008 
-2.08057 -3.499 
-3.89668 -2.13721 
-2.42168 -3.23982 
-3.01527 -3.41044 
-2.74681 -2.75287 
-3.2276 -2.5342 
-3.35844 -2.94559 
-2.33954 -3.52253 
-3.1048 -2.05572 
-2.98598 -3.01784 
-3.25521 -2.69335 
-3.45216 -2.72849 
-3.23084 -2.88067 
-4.04233 -1.47967 
-2.51283 -3.34366 
-4.38331 -0.024385 
-3.02209 -2.89989 
-2.46982 -3.75199 
-2.93853 -4.28432 
-1.42659 -4.05448 
-2.69732 -3.68385 
-2.73314 -1.68203 
-2.92012 -1.97204 
-2.65285 -3.28163 
-3.6804 -0.635695 
-3.17089 -2.04231 
-3.07786 -1.86316 
-3.90038 -1.32766 
-3.74467 -0.969655 
-3.49788 -2.04144 
-4.06972 -1.34427 
-3.82478 -2.56165 
-2.9584 -2.75195 
-3.80563 -2.60655 
-3.8685 -2.2008 
-3.34926 -2.44409 
-3.61707 -2.81022 
-4.16711 -1.98546 
-3.69371 -1.88093 
-3.15762 -1.9724 
-1.50968 -4.42489 
-3.36022 -1.42616 
-1.74571 -4.2941 
-2.34332 -3.42755 
-2.6123 -3.23942 
-3.19608 -2.9714 
-2.76778 -2.73609 
-1.99604 -3.53118 
-2.31406 -3.87988 
-2.60553 -3.235 
-4.18668 -1.76797 
-4.89542 -0.00288484 
-4.28741 -1.87912 
-4.77658 -2.07382 
-4.54399 -1.67441 
-4.11706 -2.42606 
-4.47612 -1.30522 
-4.2969 -1.80479 
-4.05657 -2.22194 
-3.93093 -1.1191 
-3.42009 -2.33492 
-3.24991 -3.71319 
-3.65858 -2.68182 
-3.44079 -2.60193 
-4.54538 -0.325829 
-3.32571 -2.25076 
-4.25703 -1.85108 
-3.14667 -3.32349 
-3.92859 -1.99242 
-3.65897 -2.49936 
-3.73034 -1.44058 
-4.28047 -0.27765 
-2.92959 -3.09642 
-4.43452 -0.618096 
-4.39517 -0.418055 
-3.17875 -2.89428 
-3.53506 -1.78015 
-4.2558 -3.11958 
-3.86732 -1.90202 
-3.10374 -2.59843 
-3.43627 -2.69148 
-4.20805 -1.07172 
-2.82157 -2.84444 
-2.10313 -2.79352 
-3.18287 -2.40221 
-3.85923 -1.76392 
-3.71935 -0.797059 
-4.28891 -1.55964 
-3.43839 -2.72277 
-3.62003 -2.82202 
-3.24968 -1.96546 
-3.88411 -1.82586 
-2.97737 -2.49189 
-3.30307 -3.63802 
-3.09579 -3.57051 
-3.0921 -3.39235 
-2.75581 -3.64958 
-2.77427 -2.98165 
-3.04957 -3.57759 
-4.33699 -1.42985 
-3.3923 -2.81444 
-3.93395 -2.8089 
-4.01817 -1.59162 
-2.98011 -2.48434 
-3.61502 -1.97134 
-2.72903 -3.47735 
-3.25669 -1.84539 
-3.2298 -3.1921 
-2.78849 -3.46097 
-3.17738 -2.74701 
-4.174 -1.2453 
-3.8088 -1.29983 
-5.24547 -0.223237 
-4.38355 -1.58878 
-3.92122 -1.22255 
-3.67842 -2.41946 
-2.59052 -1.69519 
-2.57825 -2.90859 
-3.20211 -1.37566 
-4.41514 -1.40568 
-3.77333 -3.28528 
-3.39585 -1.89507 
-2.92684 -3.34543 
