-5.533 1.52756 
-5.67678 2.11667 
-5.02622 1.48487 
-4.89754 0.762055 
-4.86583 0.46231 
-4.95656 1.22221 
-5.09606 1.79338 
-4.96401 0.182497 
-4.66365 -0.167678 
-5.52738 1.72409 
-4.97056 1.37394 
-5.60565 2.03351 
-4.82367 0.953688 
-4.7361 -0.166946 
-5.52539 1.29641 
-5.10189 1.7032 
-5.48521 1.85838 
-5.39048 1.79587 
-4.81027 0.498191 
-5.03424 0.863138 
-4.90397 1.14662 
-5.00694 0.651722 
-5.14351 1.68268 
-5.08593 1.45944 
-4.72995 -0.43015 
-5.56712 1.61831 
-4.71103 -0.190555 
-5.01438 1.5554 
-5.69486 1.21372 
-4.93272 0.811608 
-5.55364 1.60001 
-5.34825 0.373579 
-5.61164 1.85947 
-5.00591 1.26551 
-4.70604 0.0259366 
-4.99703 1.37763 
-5.0982 1.58099 
-4.9813 1.26134 
-5.29751 2.00689 
-5.01017 0.993833 
-5.32745 2.14701 
-5.03125 1.31356 
-4.99013 1.33326 
-5.14079 1.67216 
-5.08546 1.44456 
-5.26387 1.90466 
-5.04679 1.55573 
-5.06223 1.58703 
-5.37188 2.06684 
-4.79074 0.591299 
-5.57947 0.0257133 
-4.94093 0.558631 
-5.17288 1.45308 
-5.17864 1.54955 
-5.21225 1.40744 
-5.64001 0.93555 
-5.16441 1.58039 
-4.98055 1.39714 
-5.26539 1.96839 
-4.983 0.980467 
-4.96132 1.11152 
-5.37569 1.93668 
-5.70456 2.1654 
-4.83757 0.359162 
-5.09018 1.58206 
-5.5179 1.42423 
-5.45599 1.59223 
-5.08152 1.03009 
-5.53785 1.25133 
-5.33194 -0.794371 
-5.02468 1.45597 
-5.54302 2.1333 
-4.93501 0.925244 
-5.37537 0.288888 
-4.42764 0.0485384 
-4.85258 0.857843 
-4.96813 1.04963 
-5.03493 1.57332 
-5.06509 1.6056 
-5.40928 2.0547 
-5.08503 1.57801 
-5.11187 1.22416 
-5.53939 1.9521 
-4.84947 0.7394 
-4.78167 0.610801 
-5.1552 1.58302 
-5.35919 1.71832 
-4.92587 1.02716 
-5.6751 1.68503 
-5.18937 1.05118 
-5.43243 1.85747 
-4.9143 0.83516 
-5.75848 1.39563 
-5.14689 1.75071 
-5.00347 1.17288 
-4.8968 1.16679 
-5.03985 1.295 
-5.04888 1.76055 
-4.90157 0.898842 
-4.94585 0.74807 
-4.8652 1.24843 
-5.42507 1.65684 
-5.14693 1.66946 
-5.26115 1.96413 
-5.52976 1.63323 
-5.74673 1.81638 
-5.47985 1.83352 
-5.62403 1.57052 
-5.19927 1.78777 
-5.12459 1.5204 
-4.8866 0.804471 
-5.68898 1.45101 
-5.02459 0.909854 
-5.3505 1.4629 
-5.21992 1.37029 
-4.96833 1.01892 
-4.90694 1.004 
-4.80559 -0.771044 
-5.30486 1.14195 
-5.47415 0.873158 
-5.30895 1.78569 
-5.58454 1.91543 
-4.94904 1.11735 
-5.07605 1.23924 
-4.82066 0.231196 
-4.59651 0.0667162 
-4.81382 0.637823 
-4.9452 1.20804 
-5.00046 1.44929 
-5.61336 1.07204 
-5.56948 1.95104 
-5.43383 2.11436 
-5.37893 1.86759 
-5.14488 1.5498 
-4.92162 0.833713 
-5.08766 0.992603 
-5.24249 1.69215 
-5.0298 0.910435 
-4.89212 0.591734 
-5.09637 1.18843 
-5.47896 1.82614 
-5.35846 2.0931 
-4.98746 0.869331 
-5.21995 1.90298 
-4.96942 0.948279 
-4.92183 1.21421 
-4.99296 1.01632 
-5.28252 1.7269 
-5.15042 1.6687 
-5.61801 0.907402 
-5.1948 1.79744 
-5.35487 2.16762 
-4.90996 0.695758 
-5.27909 1.84703 
-5.24454 1.96322 
-4.97423 1.31925 
-5.52456 1.3235 
-5.35564 1.57277 
-5.58945 1.84797 
-4.94728 1.10058 
-5.6286 1.67936 
-5.43707 2.01651 
-5.66803 1.82468 
-5.11773 1.44699 
-5.01112 1.28037 
-5.10647 1.58193 
-5.48915 2.09816 
-5.35529 1.66357 
-4.9685 0.980432 
-4.83637 0.363649 
-5.04277 0.773713 
-4.99971 1.29834 
-5.5325 0.990401 
-5.05304 1.65275 
-4.91523 1.12319 
-5.10403 1.7332 
-5.59089 2.10208 
-4.89952 0.98731 
-5.17323 1.2652 
-5.11033 1.84068 
-4.58366 -0.661165 
-5.06687 1.42996 
-4.99436 1.044 
-5.53083 1.93184 
-5.33158 1.93819 
-4.83917 0.860148 
-5.29792 1.6267 
-5.41836 2.07881 
-5.35254 2.06984 
-5.61843 1.22287 
-5.03704 1.28995 
-5.58435 1.90888 
-4.96178 1.54471 
-5.12624 1.55547 
-4.90875 1.14984 
-4.6656 0.39209 
-5.20787 1.55015 
-4.79358 0.187408 
-5.05182 1.27753 
-5.0141 1.08404 
-5.48784 2.10367 
-5.00734 1.13139 
-4.92047 0.932396 
-4.99301 1.60906 
-5.68291 1.41469 
-5.09651 1.20183 
-5.26777 1.41676 
-4.65126 0.341439 
-5.25708 1.86446 
-5.67157 1.06827 
-5.08883 1.13926 
-5.39863 1.60076 
-5.22789 1.97667 
-4.97862 0.819511 
-5.34735 1.87872 
-5.72178 0.838171 
-5.20829 1.77949 
-4.85636 1.0015 
-5.13941 1.65992 
-5.31754 -0.509736 
-5.30778 1.97489 
-5.218 2.04541 
-5.51339 0.635186 
-5.38517 1.95059 
-5.03824 -0.673239 
-5.17649 1.6675 
-5.52805 1.87989 
-4.96833 1.19147 
-4.85895 1.05813 
-5.52666 1.89333 
-5.01946 1.27089 
-5.20699 1.52868 
-5.36966 -0.620804 
-5.16355 1.64134 
-4.76131 -0.158683 
-4.84828 0.43505 
-4.97194 1.29002 
-5.19041 1.71221 
-5.1343 1.2495 
-4.90622 0.908585 
-4.9455 0.986908 
-5.06959 1.16772 
-5.65106 1.87277 
-4.8694 0.529441 
-4.81839 0.628394 
-5.3308 1.71813 
-5.66747 2.20888 
-5.13391 1.47007 
-4.72845 0.579053 
-4.89837 0.609282 
-5.17099 1.11265 
-3.65404 -1.73161 
-5.29007 0.883177 
-5.34835 1.08673 
-5.70434 0.410021 
-5.26822 1.41626 
-4.96586 0.2217 
-5.7134 1.43184 
-5.58669 1.48724 
-4.03687 -1.30086 
-5.6195 1.03744 
-4.85987 0.861276 
-5.32263 0.850709 
-5.3818 1.98944 
-4.92911 1.07107 
-5.72197 1.95964 
-5.15952 1.27065 
-5.07434 1.37031 
-5.05018 1.6283 
-4.9958 1.49122 
-5.28189 1.73522 
-5.18399 1.92782 
-4.86933 0.876319 
-5.52091 2.07892 
-4.71106 1.00867 
-5.2584 1.89558 
-5.34886 1.91571 
-5.25913 1.93599 
-4.74908 1.05071 
-5.77387 1.7745 
-5.14596 1.47897 
-5.04933 1.41216 
-5.62803 1.59439 
-4.8815 0.898646 
-4.74504 0.719322 
-5.00007 1.00287 
-4.78343 1.17725 
-4.81908 -0.0792416 
-5.58516 0.759501 
-5.25557 1.22315 
-5.59305 1.59005 
-5.42297 2.23649 
-5.09408 1.4277 
-5.24812 1.8709 
-5.01777 0.553734 
-5.18067 1.90297 
-4.96868 1.53374 
-4.90481 1.047 
-5.07141 1.65892 
-5.66403 1.81246 
-5.48399 1.98116 
-4.94069 0.794268 
-5.43458 1.08411 
-4.928 1.12732 
-5.32397 2.15961 
-4.92156 0.967785 
-4.45152 0.370675 
-4.99167 0.905953 
-5.41401 1.58637 
-4.7358 0.33518 
-5.6943 1.8402 
-5.55985 1.66002 
-5.66236 1.39673 
-5.54262 0.499129 
-4.9867 1.31217 
-4.94051 0.371924 
-5.29864 1.19263 
-5.63391 0.52407 
-4.85684 1.1492 
-4.7764 0.689889 
-5.54598 1.50166 
-4.9321 1.31854 
-4.66034 0.513874 
-5.03603 0.729978 
-4.98857 0.349898 
-4.99152 1.31835 
-4.91678 1.38265 
-5.55508 2.22965 
-5.37897 0.933111 
-4.66928 0.457913 
-5.14159 1.18123 
-5.63022 2.01529 
-5.09871 1.21319 
-5.04809 0.181243 
-5.35093 2.02303 
-5.37802 1.80038 
-5.48201 2.01369 
-5.04081 1.48546 
-5.10819 1.24024 
-5.16024 1.49628 
-4.92928 1.21806 
-5.0601 1.10928 
-5.51642 1.46393 
-5.73843 0.885206 
-5.4035 1.72066 
-4.86482 0.140821 
-5.20302 1.86394 
-5.03206 1.2407 
-3.34927 -2.3977 
-5.71634 1.60431 
-5.61263 1.28434 
-5.49869 0.514812 
-4.66469 0.27281 
-5.26424 1.95571 
-4.04635 -0.450549 
-4.91191 0.926656 
-5.43134 1.76491 
-4.98037 1.18744 
-4.94369 0.852857 
-5.33086 0.544376 
-5.33876 0.997987 
-5.85566 1.30455 
-5.654 0.522915 
-5.04862 1.09839 
-4.98181 1.26948 
-4.90937 1.21791 
-4.98722 0.975881 
-5.52248 1.98683 
-5.39438 1.79891 
-5.6483 2.02556 
-4.90357 1.0284 
-5.0723 1.75767 
-4.96417 0.982337 
-5.55811 1.8297 
-5.15248 1.34035 
-5.20503 1.37622 
-5.40614 2.0212 
-5.58597 1.87327 
-5.50317 -0.0588342 
-4.89046 1.10197 
-5.17316 1.73262 
-4.97729 1.16162 
-5.2931 1.56776 
-5.63106 1.59203 
-5.00623 1.16082 
-5.69476 1.78235 
-5.51153 1.68753 
-4.92685 0.60124 
-5.70326 2.02894 
-5.36275 1.73373 
-5.46927 1.75549 
-5.62455 2.17684 
-4.98141 1.28179 
-4.9919 1.22092 
-5.05178 1.68622 
-4.81913 0.703321 
-5.77321 1.87778 
-5.3067 2.07528 
-4.94766 0.776747 
-5.12798 1.61025 
-5.63458 1.95294 
-4.79244 0.321325 
-4.79025 0.875478 
-5.63132 0.826897 
-4.5553 -0.299919 
-4.92651 0.762682 
-5.48187 1.95736 
-5.15864 0.792392 
-5.17813 1.59676 
-5.64564 2.11356 
-5.03899 1.349 
-4.97075 0.920005 
-5.23601 1.8271 
-4.98954 1.05595 
-4.92402 1.12829 
-5.2109 1.44722 
-4.98589 1.23341 
-5.1661 1.62682 
-5.6219 2.14161 
-5.47695 1.94487 
-5.06897 1.32238 
-5.64829 1.00458 
-4.98977 1.26992 
-4.93435 0.944673 
-4.7979 0.698287 
-4.8467 0.195706 
-4.95152 1.23651 
-4.88859 0.549478 
-4.90349 0.906021 
-4.97602 1.36863 
-4.82535 0.905259 
-4.79319 1.07801 
-5.49966 1.60141 
-5.33085 2.0841 
-5.16243 1.25203 
-4.87576 0.0255069 
-5.54992 1.22644 
-5.5806 1.40657 
-4.7857 0.732981 
-5.30282 1.7545 
-5.21274 1.81916 
-4.12991 -2.03448 
-5.03011 1.38634 
-5.48761 2.09703 
-5.44137 -0.333736 
-5.20189 1.83869 
-4.87987 0.866686 
-4.97103 0.57804 
-5.61663 0.78441 
-5.47613 1.90061 
-5.11143 1.36052 
-5.2517 1.78643 
-5.16937 1.46569 
-4.57117 0.64137 
-5.08165 1.43195 
-5.33924 2.02604 
-5.00716 1.20606 
-5.39 2.05409 
-5.06241 1.52478 
-5.11447 1.62552 
-5.52006 1.97549 
-4.99516 0.684296 
-4.99672 1.27661 
-4.99814 1.34578 
-4.89936 0.752308 
-4.84816 0.53449 
-5.05667 1.32924 
-5.27606 1.86625 
-5.59926 2.0878 
-5.52282 1.42557 
-5.54377 2.20671 
-4.97102 1.34171 
-5.24325 1.12662 
-5.10244 1.64967 
-5.08358 1.74905 
-5.15225 1.72995 
-4.77157 0.0884432 
-4.78216 1.05504 
-5.36908 0.461934 
-5.07597 1.37959 
-4.96306 1.43423 
-5.4751 0.542461 
-4.95686 0.915729 
-5.24795 1.45035 
-5.07155 1.13943 
-4.57236 0.188685 
-4.08521 -0.424835 
-5.37334 1.58102 
-4.90268 0.509925 
-4.95368 1.03543 
-5.66787 0.680493 
-4.96604 1.03465 
-5.65107 2.1895 
-5.0831 1.15385 
-5.18699 1.65947 
-5.60657 1.18 
-5.12971 1.21788 
-5.45819 1.15589 
-5.42882 0.769401 
-5.01639 1.51482 
-4.91672 0.760316 
-4.96533 1.16885 
-4.93228 1.3655 
-5.0515 1.70392 
-5.59059 1.79604 
-5.25963 1.2906 
-4.98392 1.14743 
-4.70335 -0.257155 
-5.59373 -0.555562 
-5.04855 1.46783 
-5.3032 2.15176 
-5.04413 1.53482 
-5.08034 1.05834 
-4.86036 0.709958 
-5.80435 1.16535 
-5.4498 2.24771 
-4.89469 1.38484 
-5.61887 2.06208 
-4.79517 0.780564 
-5.52202 1.2076 
-5.08092 1.58665 
-5.57386 1.61514 
-5.70085 1.97135 
-4.99751 1.31499 
-5.67212 1.23312 
-4.79798 0.931047 
-5.02808 0.527065 
-5.07101 1.40956 
-5.36113 1.68203 
-4.89894 0.741741 
-5.48265 2.06188 
-5.70146 1.65016 
-5.07875 0.772355 
-4.90317 0.743551 
-5.30052 1.60254 
-5.55146 2.03817 
-5.21757 1.85786 
-5.61792 1.7526 
-5.08867 0.475829 
-4.86998 1.17839 
-5.67112 1.94918 
-5.39657 1.28835 
-5.31248 1.94004 
-5.17868 1.04754 
-5.27623 1.52673 
-4.99985 1.36874 
-4.89349 0.613104 
-4.98274 0.922649 
-4.82011 0.359028 
-5.2879 2.17915 
-5.43923 1.89925 
-5.37158 1.84551 
-4.99998 0.409434 
-4.96112 1.4531 
-5.02992 0.56018 
-5.56798 1.55888 
-5.09214 1.41683 
-4.94432 0.846046 
-4.77033 -0.101453 
-5.48606 1.56241 
-5.17585 1.17832 
-5.13901 1.68295 
-4.83066 0.251487 
-5.13985 1.71445 
-5.64796 1.41442 
-5.08099 1.59549 
-5.36283 -0.494248 
-5.04166 1.29059 
-5.48512 1.59809 
-5.04151 1.34897 
-4.91727 0.985763 
-5.66144 1.76003 
-5.55377 2.00707 
-5.68953 2.08442 
-5.63625 0.999571 
-5.60031 1.60895 
-5.6741 1.96424 
-5.69443 1.29402 
-5.69116 1.33922 
-5.65808 2.09082 
-5.55245 1.13548 
-5.36722 0.826559 
-5.66314 1.13098 
-5.62056 0.703474 
-5.65966 1.01889 
-5.75826 1.59769 
-5.67916 1.74901 
-5.63262 0.732313 
-5.54978 1.88255 
-5.49396 2.18061 
-5.66869 0.638098 
-5.5195 2.10795 
-5.61641 1.46268 
-5.01773 1.05998 
-5.58595 2.18949 
-5.54657 2.02637 
-5.44514 2.06602 
-5.61999 1.71961 
-5.65373 0.916486 
-5.58516 1.39628 
-5.58488 0.630644 
-5.36395 2.18716 
-5.63022 1.41353 
-5.67736 1.50352 
-5.65645 1.54239 
-5.68492 1.46194 
-5.59075 1.82914 
-5.6856 1.14279 
-5.64777 1.18745 
-4.69645 0.0447239 
-5.82277 1.73902 
-5.6606 1.61906 
-5.33677 2.14193 
-5.31881 2.08269 
-5.69149 1.90481 
-5.65468 1.15682 
-5.7182 2.14881 
-5.81235 1.71722 
-5.65953 1.42027 
-5.54637 2.12827 
-5.08812 0.0498379 
-5.72442 1.84221 
-5.69905 1.49927 
-5.71189 1.59158 
-5.65033 1.10887 
-5.70504 1.4581 
-5.6572 1.16178 
-4.90701 1.12221 
-4.95786 1.00152 
-4.9039 1.06631 
-5.06454 1.41367 
-5.16743 1.77873 
-5.02995 1.35356 
-5.07092 1.57375 
-4.98607 1.33176 
-5.11894 1.51228 
-4.97453 1.3005 
-5.05795 1.65162 
-4.99855 1.4975 
-5.10705 1.68571 
-4.72207 0.895969 
-4.97673 1.20281 
-4.84672 1.13803 
-5.02237 1.25862 
-4.88388 1.1491 
-4.59717 0.210332 
-5.17456 1.71328 
-5.04557 1.50989 
-5.27163 1.88293 
-5.32194 2.12185 
-5.03396 1.39652 
-5.02977 1.42535 
-4.93721 1.31662 
-5.34899 2.02814 
-5.43737 2.04938 
-5.46329 2.19539 
-5.54132 1.34511 
-5.57296 1.16343 
-5.61692 2.10904 
-5.61925 2.03872 
-5.29843 2.01425 
-5.55968 2.06831 
-5.69487 1.82365 
-5.65533 1.25655 
-5.73119 1.79028 
-4.8799 1.23836 
-5.55115 1.29289 
-5.44893 2.16492 
-4.99922 1.34762 
-5.16112 1.83173 
-5.15451 1.39507 
-4.99653 1.16234 
-4.9972 1.15942 
-4.96154 1.16294 
-4.95229 1.2321 
-5.37064 1.8521 
-5.11359 1.52534 
-5.01103 1.44657 
-4.83636 0.75865 
-4.68223 0.530454 
-4.83111 0.344078 
-4.80572 0.25089 
-4.79313 0.261581 
-4.83784 0.386432 
-4.94008 1.04588 
-4.73968 -0.0620491 
-4.67386 -0.551428 
-4.82281 0.264107 
-4.80559 0.597585 
-4.78474 0.638949 
-4.93779 1.04719 
-4.79557 0.637868 
-4.87784 1.32511 
-4.92646 1.44538 
-4.83667 1.31996 
-5.00864 1.46219 
-4.83172 1.21053 
-5.26854 1.63735 
-4.96226 1.53354 
-5.07606 1.69378 
-4.97436 1.44382 
-5.17228 1.82075 
-5.16296 1.93127 
-5.15786 1.82279 
-5.11622 1.65824 
-5.3815 2.10849 
-5.46904 2.21777 
-5.53672 2.15553 
-5.50686 2.16841 
-5.62518 2.24782 
-5.57173 2.01587 
-5.49995 2.23266 
-5.52442 2.11909 
-5.58598 1.44845 
-5.66711 2.04314 
-5.61972 1.44608 
-5.69587 1.48194 
-5.61088 2.02994 
-5.45059 2.04171 
-5.74291 2.14849 
-5.52904 2.0383 
-5.13145 1.24259 
-5.40901 1.91878 
-5.32031 2.01116 
-5.01282 1.38132 
-5.1696 1.55947 
-5.47299 2.18751 
-4.95283 1.08724 
-5.19266 1.59158 
-5.61087 1.68315 
-5.65635 1.06982 
-5.53033 0.761559 
-5.68313 1.52385 
-5.73497 1.00899 
-5.64266 1.03758 
-5.6038 1.61045 
-5.69633 1.79067 
-5.7047 1.05185 
-5.6611 0.593376 
-5.61006 1.03973 
-5.66484 1.14409 
-5.5604 2.04123 
-5.04951 1.13668 
-5.33553 1.98567 
-5.70568 1.60748 
-4.92957 -0.612859 
-5.65028 1.97746 
-5.42894 1.87477 
-5.49182 1.06165 
-5.62108 1.54929 
-5.39547 1.19885 
-5.15443 1.35172 
-5.64812 1.77968 
-5.59576 0.623324 
-5.59667 -0.0492488 
-5.17823 -1.06971 
-5.65086 0.612601 
-5.57191 0.190904 
-5.72002 1.47529 
-5.63851 1.12036 
-5.68567 1.13217 
-4.95656 -1.66783 
-5.03971 -1.71522 
-5.53923 1.96105 
-5.48204 1.56981 
-5.57385 1.37012 
-5.62778 1.47894 
-5.63513 1.3879 
-5.34936 0.0819576 
-5.19741 -0.819699 
-5.50928 0.617412 
-5.64834 0.54702 
-5.56471 0.96622 
-5.3734 -0.119212 
-4.52682 0.671969 
-5.70126 1.19468 
-5.18119 1.83636 
-5.1509 1.10301 
-5.29164 1.94905 
-5.11835 1.65575 
-5.15856 1.47277 
-5.4833 2.19279 
-5.09832 1.45934 
-4.82552 0.307022 
-5.06817 1.27121 
-5.21435 1.59095 
-5.03788 1.04278 
-5.09222 1.47798 
-5.11586 1.67109 
-5.47601 2.20089 
-5.46975 2.18923 
-5.48824 2.2382 
-5.55635 2.25349 
-5.6414 1.51742 
-5.66792 1.49083 
-5.555 1.55465 
-5.60436 1.96669 
-5.5281 2.14948 
-5.35282 2.05821 
-5.65404 2.0643 
-5.72205 1.37133 
-5.41632 2.16229 
-5.45205 2.21544 
-5.50684 2.20702 
-5.65923 1.89501 
-5.67629 1.47905 
-5.54648 2.01965 
-5.62884 0.693156 
-5.57275 1.02408 
-5.66442 1.13874 
-5.64379 1.52709 
-5.57611 1.40527 
-5.59022 0.642294 
-5.23017 1.55579 
-5.34123 1.2843 
-5.60546 0.683812 
-5.59185 0.466604 
-5.57442 0.927975 
-5.58115 0.406738 
-5.57478 0.714693 
-5.53563 1.11291 
-5.61422 0.180521 
-5.6814 0.242896 
-5.07462 -0.676216 
-5.16711 1.69853 
-5.19919 1.55639 
-5.35847 2.09607 
-5.52065 2.16178 
-5.30061 1.93391 
-5.24193 1.88557 
-5.19476 1.71982 
-5.24942 1.82597 
-5.28762 2.00553 
-5.44419 2.22072 
-5.60128 2.19357 
-5.3039 1.94679 
-5.6438 1.41555 
-5.61295 1.35458 
-5.47932 0.931804 
-5.679 1.1743 
-5.63195 0.944365 
-5.47935 -0.21419 
-5.59171 0.864387 
-5.67298 0.986136 
-5.23732 -1.1627 
-5.60023 1.00393 
-5.62903 0.185917 
-5.24577 -0.495777 
-5.61898 1.2495 
-5.75294 1.76621 
-5.55394 1.40094 
-5.49143 2.07749 
-5.69192 1.08933 
-5.5447 1.74088 
-5.52849 0.450709 
-5.70235 0.698925 
-5.52535 0.351743 
-5.58686 0.805171 
-5.62711 2.02161 
-5.61361 0.838295 
-4.72885 0.549935 
-4.94182 1.21679 
-5.08611 1.58243 
-4.97859 1.18274 
-4.81874 0.922244 
-5.03014 1.29349 
-5.20786 1.77553 
-5.29299 2.00632 
-5.01842 1.47593 
-5.68426 1.87091 
-5.05377 1.53645 
-5.42406 2.06153 
-5.20469 1.63745 
-5.21386 1.33887 
-5.26903 0.718364 
-5.38549 0.920216 
-5.05494 1.10977 
-5.45978 0.911042 
-5.22708 1.50047 
-5.26961 0.891521 
-5.10451 0.554067 
-5.26102 1.00092 
-4.8035 0.77033 
-5.02482 0.86292 
-5.44839 1.14942 
-4.90682 0.630022 
-4.54696 -0.627977 
-4.43155 -0.743969 
-4.96711 -0.203174 
-5.48408 0.815557 
-5.41672 0.72566 
-5.20683 0.396613 
-4.69913 -0.00669347 
-4.72156 -0.319698 
-4.90851 -0.628364 
-4.78656 -0.133357 
-4.73001 -0.38353 
-4.34016 -0.935343 
-5.15421 1.89175 
-5.51437 1.44656 
-5.43568 1.43847 
-5.59152 1.85734 
-5.63279 1.24206 
-5.42687 1.99917 
-4.90951 1.01037 
-5.24163 1.13079 
-5.71198 1.75953 
-4.39027 -0.269505 
-5.23767 1.1989 
-5.51382 0.926377 
-5.08483 1.7365 
-4.98748 1.50631 
-5.03737 1.64032 
-4.87414 1.13428 
-5.21626 1.9025 
-5.10469 1.87843 
-5.0648 1.62345 
-5.58049 2.22713 
-5.19871 1.8541 
-5.37148 2.20168 
-5.54364 1.02056 
-5.43194 1.53717 
-5.55487 0.871657 
-5.75301 1.10334 
-5.38088 -0.662931 
-5.54706 1.17048 
-5.62517 0.510585 
-5.58264 1.18337 
-5.40604 0.0918445 
-5.47012 -0.300231 
-5.47072 0.42623 
-5.5678 1.0724 
-4.87689 -0.866646 
-5.67435 0.883323 
-5.57977 0.591355 
-5.27065 -1.02594 
-5.35324 0.194672 
-5.64769 0.711809 
-5.21469 0.237645 
-5.20073 -0.2376 
-5.55437 0.481571 
-5.26707 -1.00788 
-5.57126 1.3167 
-5.6783 1.76362 
-5.50266 1.89539 
-5.39775 0.98621 
-5.65472 1.42746 
-5.27414 1.63627 
-5.65269 1.44291 
-5.58305 1.76134 
-5.55047 1.91991 
-5.56289 1.99148 
-5.62731 1.84403 
-5.66413 1.43313 
-5.58643 2.0168 
-5.60362 2.00742 
-4.91126 1.30186 
-4.87691 1.28533 
-4.58106 0.581341 
-5.11763 1.74608 
-4.77416 0.904271 
-4.71804 0.989054 
-4.67826 0.877272 
-4.84454 0.974588 
-4.80036 0.589863 
-4.77503 0.781159 
-4.83375 0.91672 
-4.78339 0.695798 
-4.75562 0.502701 
-4.94505 1.34517 
-5.24032 2.01119 
-4.97648 1.40218 
-5.08595 1.35989 
-5.50942 2.2642 
-5.43475 2.18221 
-5.41431 1.94453 
-5.06865 1.74934 
-5.05503 1.53435 
-5.59873 1.85803 
-5.40678 2.19665 
-5.20866 1.83935 
-5.21361 1.80476 
-5.63229 1.90097 
-5.74936 2.09205 
-5.61879 2.04661 
-5.59859 1.91859 
-5.25687 1.98309 
-5.62815 1.93801 
-5.66685 2.03679 
-5.5248 1.41143 
-5.51436 2.24684 
-5.57753 1.89297 
-5.56722 1.78271 
-5.68819 1.47242 
-5.68143 1.70734 
-5.54685 1.83239 
-5.63534 0.527043 
-5.55402 -0.00826208 
-5.46258 2.20508 
-5.67526 1.60214 
-5.71397 1.68715 
-5.64846 1.45726 
-5.64322 0.0473065 
-5.73548 1.24412 
-5.73952 1.49892 
-5.62952 1.44056 
-5.50128 0.403229 
-5.56791 0.59701 
-5.62621 0.919999 
-5.56126 0.528336 
-5.61285 0.864999 
-5.4617 -0.07221 
-5.4714 -0.371742 
-5.60297 0.260818 
-5.60446 0.755351 
-5.61452 0.221129 
-5.50358 0.0952867 
-5.42242 -0.195404 
-5.18928 -0.514012 
-5.02042 -1.44254 
-5.59315 0.958755 
-5.72902 1.11684 
-5.52255 0.543687 
-5.61261 0.0745456 
-5.27676 1.1655 
-4.76177 0.931699 
-4.54891 0.623527 
-4.96645 1.59231 
-5.03208 1.58606 
-5.01151 1.4874 
-4.63127 0.763262 
-5.32427 1.97901 
-5.38771 2.12256 
-5.185 1.81788 
-5.30776 2.06695 
-5.33392 2.19506 
-4.9696 1.57489 
-5.04344 1.65862 
-5.40266 0.302219 
-5.52146 0.539394 
-5.19841 -0.122081 
-5.48835 0.291134 
-5.20414 -0.62914 
-5.43641 -0.356429 
-5.3918 0.339549 
-5.38837 0.0188182 
-4.91584 0.668381 
-4.85745 1.01987 
-5.26929 1.37245 
-5.24351 1.58684 
-5.67582 1.85681 
-5.11252 1.11375 
-5.13862 1.43945 
-5.40139 1.74033 
-4.94483 0.806778 
-5.0429 1.25243 
-5.33093 1.83006 
-5.34583 1.93454 
-5.19347 1.14504 
-4.95922 1.36448 
-4.99875 1.31555 
-4.8966 1.3089 
-4.97476 1.19988 
-4.96943 1.17772 
-5.07634 1.37561 
-4.95361 1.24979 
-5.11359 1.6993 
-5.05637 1.51645 
-5.0261 1.50021 
-4.94102 1.10896 
-4.96412 0.862515 
-5.41161 2.07372 
-5.6871 1.15481 
-5.20976 1.9436 
-5.05686 1.66192 
-5.6748 0.833741 
-5.72268 1.94773 
-5.76737 2.05767 
-5.65476 1.65089 
-5.66323 2.18015 
-5.62612 0.644754 
-5.57109 2.1785 
-5.5503 0.864407 
-5.64269 1.49013 
-5.13026 1.39362 
-5.25575 1.92833 
-5.8237 1.51808 
-5.68891 -0.533888 
-5.59218 1.69384 
-5.71713 1.55196 
-5.47299 0.324401 
-5.75147 0.471743 
-5.21613 -1.00885 
-5.52546 0.263722 
-5.83557 1.12722 
-5.71339 1.25192 
-5.76546 0.933876 
-5.67809 2.08944 
-5.66517 0.810703 
-5.74444 1.00839 
-5.64195 1.70385 
-5.61631 1.1652 
-5.6403 0.553281 
-5.5869 1.46598 
-5.5228 1.12061 
-5.65286 0.70837 
-5.63187 0.701048 
-5.40942 0.0807885 
-5.6144 0.373635 
-5.51635 0.162796 
-5.70783 1.53859 
-5.63867 1.43032 
-5.47068 0.638055 
-5.70644 1.65005 
-5.70647 1.81491 
-5.70654 1.62886 
-5.78595 1.43788 
-5.78473 1.10623 
-5.63322 0.921215 
-5.64542 0.725333 
-5.67113 1.16538 
-5.69596 1.23069 
-5.63965 1.67871 
-5.48362 -0.0651013 
-5.29123 -0.544971 
-5.59741 0.720086 
-5.66583 1.95376 
-5.63855 1.60567 
-5.64251 0.97351 
-5.31699 -0.422952 
-5.64734 0.456459 
-5.6918 1.01014 
-5.59534 0.236175 
-5.22076 1.90862 
-5.55652 2.1413 
